1.112744852,0.0
2.392882527,0.0
3.419278741,0.0
4.43849832,0.0
5.665643239,0.0
6.755720479,0.0
7.846273394,0.0
9.044547371,0.0
10.200229876,0.0
11.504479722,0.0
12.700304353,0.0
13.863517023,0.0
14.864807909,0.0
16.132713111,0.0
17.242798418,0.0
18.262102496,0.0
19.457974942,0.0
20.601916084,0.0
21.80625075,0.0
22.913690547,0.0
23.987232553,0.0
25.240927892,0.0
26.257938346,0.0
27.307421186,0.0
28.535325508,0.0
29.561195781,0.0
30.680188204,0.0
31.857806039,0.0
32.920802451,0.0
33.931813964,0.0
35.025197972,0.0
36.207958462,0.0
37.285517848,0.0
38.35085331,0.0
39.352791152,0.0
40.614916576,0.0
41.803386651,0.0
42.942134624,0.0
44.020191043,0.0
45.049995316,0.0
46.128154171,0.0
47.286026247,0.0
48.38562882,0.0
49.448723019,0.0
50.487501031,0.0
51.527927305,0.0
52.639139243,0.0
53.640322666,0.0
54.688505037,0.0
55.720008073,0.0
56.722244409,0.0
58.000773501,0.0
59.418737482,0.0
60.577364631,0.0
61.752905091,0.0
62.772287052,0.0
63.905531921,0.0
65.096793127,0.0
66.247197741,0.0
67.323184973,0.0
68.345566234,0.0
69.475301371,0.0
70.475677891,0.0
71.526354046,0.0
72.598072562,0.0
73.706388885,0.0
74.712836707,0.0
75.733984555,0.0
76.7561417,0.0
77.868290011,0.0
78.96939484,0.0
79.978135067,0.0
81.123872989,0.0
82.245904784,0.0
83.275359312,0.0
84.327274772,0.0
85.377682119,0.0
86.469807286,0.0
87.535742408,0.0
88.570817118,0.0
89.636702303,0.0
90.692850892,0.0
91.757211356,0.0
92.996697919,0.0
94.203529798,0.0
95.333741372,0.0
96.342984176,0.0
97.622027424,0.0
98.767650528,0.0
99.879123126,0.0
101.059161192,0.0
102.525072351,0.0
103.567051613,0.0
104.806095231,0.0
106.0106671,0.0
107.172543548,0.0
108.229723378,0.0
109.476974264,0.0
110.688289053,0.0
111.958325481,0.0
113.121939126,0.0
114.463045179,0.0
116.000096448,0.0
117.614751056,0.0
119.099768196,0.0
120.673900766,0.0
121.849524986,0.0
122.856130579,0.0
124.101079458,0.0
125.404863223,0.0
126.741993351,0.0
127.868155483,0.0
128.901712345,0.0
129.96215648,0.0
131.01750868,0.0
132.130201477,0.0
133.240688726,0.0
