1.112747807,0.0
2.392884336,0.0
3.419280471,0.0
4.438500772,0.0
5.665652609,0.0
6.755723235,0.0
7.846275858,0.0
9.044549275,0.0
10.200233372,0.0
11.504482797,0.0
12.700306912,0.0
13.863519929,0.0
14.864814505,0.0
16.132714845,0.0
17.242801953,0.0
18.2621086,0.0
19.457981192,0.0
20.601919024,0.0
21.806254185,0.0
22.913697601,0.0
23.987234037,0.0
25.240931484,0.0
26.257941227,0.0
27.307424034,0.0
28.535328774,0.0
29.561203371,0.0
30.680189957,0.0
31.857809633,0.0
32.920812459,0.0
33.931815945,0.0
35.025201846,0.0
36.207962307,0.0
37.285525036,0.0
38.350863732,0.0
39.352793339,0.0
40.614919568,0.0
41.803389498,0.0
42.94213685,0.0
44.020201661,0.0
45.049997107,0.0
46.12816108,0.0
47.286029126,0.0
48.385631374,0.0
49.448731563,0.0
50.48751457,0.0
51.527928805,0.0
52.639146303,0.0
53.640324645,0.0
54.688507198,0.0
55.720015724,0.0
56.722246253,0.0
58.000781813,0.0
59.418741036,0.0
60.577368314,0.0
61.752907674,0.0
62.772289351,0.0
63.905534877,0.0
65.096795193,0.0
66.247201368,0.0
67.323201421,0.0
68.345568186,0.0
69.475305262,0.0
70.475679742,0.0
71.526355349,0.0
72.598074436,0.0
73.706390953,0.0
74.712840034,0.0
75.733986854,0.0
76.756144786,0.0
77.868292101,0.0
78.969401302,0.0
79.978136775,0.0
81.123875843,0.0
82.245907672,0.0
83.275362569,0.0
84.327276696,0.0
85.377684346,0.0
86.469808832,0.0
87.535745699,0.0
88.570827906,0.0
89.636704966,0.0
90.692859709,0.0
91.757213819,0.0
92.996706799,0.0
94.203531722,0.0
95.333744334,0.0
96.342986187,0.0
97.622031342,0.0
98.767660478,0.0
99.879126852,0.0
101.059169022,0.0
102.525075862,0.0
103.567064682,0.0
104.806098643,0.0
106.010670354,0.0
107.172545812,0.0
108.229725535,0.0
109.476977557,0.0
110.688291389,0.0
111.958328927,0.0
113.12194283,0.0
114.463054238,0.0
116.000108009,0.0
117.614761662,0.0
119.099771803,0.0
120.673904651,0.0
121.849526478,0.0
122.856132587,0.0
124.101082731,0.0
125.404866315,0.0
126.741996362,0.0
127.868163293,0.0
128.901715036,0.0
129.962161314,0.0
131.017516431,0.0
132.130204411,0.0
133.240711708,0.0
