1.112747807,0.109
2.392884336,0.09
3.419280471,0.1
4.438500772,0.085
5.665652609,0.118
6.755723235,0.12
7.846275858,0.067
9.044549275,0.097
10.200233372,0.087
11.504482797,0.101
12.700306912,0.121
13.863519929,0.099
14.864814505,0.116
16.132714845,0.115
17.242801953,0.118
18.2621086,0.083
19.457981192,0.062
20.601919024,0.075
21.806254185,0.084
22.913697601,0.078
23.987234037,0.069
25.240931484,0.081
26.257941227,0.056
27.307424034,0.055
28.535328774,0.048
29.561203371,0.07
30.680189957,0.077
31.857809633,0.076
32.920812459,0.067
33.931815945,0.101
35.025201846,0.106
36.207962307,0.06
37.285525036,0.068
38.350863732,0.095
39.352793339,0.116
40.614919568,0.103
41.803389498,0.073
42.94213685,0.078
44.020201661,0.079
45.049997107,0.072
46.12816108,0.08
47.286029126,0.1
48.385631374,0.091
49.448731563,0.11
50.48751457,0.112
51.527928805,0.14
52.639146303,0.142
53.640324645,0.145
54.688507198,0.123
55.720015724,0.154
56.722246253,0.159
58.000781813,0.16
59.418741036,0.143
60.577368314,0.123
61.752907674,0.148
62.772289351,0.229
63.905534877,0.203
65.096795193,0.122
66.247201368,0.189
67.323201421,0.174
68.345568186,0.199
69.475305262,0.167
70.475679742,0.189
71.526355349,0.192
72.598074436,0.215
73.706390953,0.21
74.712840034,0.186
75.733986854,0.17
76.756144786,0.214
77.868292101,0.195
78.969401302,0.196
79.978136775,0.158
81.123875843,0.166
82.245907672,0.154
83.275362569,0.098
84.327276696,0.165
85.377684346,0.151
86.469808832,0.133
87.535745699,0.121
88.570827906,0.112
89.636704966,0.124
90.692859709,0.137
91.757213819,0.081
92.996706799,0.082
94.203531722,0.085
95.333744334,0.064
96.342986187,0.057
97.622031342,0.055
98.767660478,0.051
99.879126852,0.052
101.059169022,0.063
102.525075862,0.049
103.567064682,0.056
104.806098643,0.047
106.010670354,0.036
107.172545812,0.051
108.229725535,0.055
109.476977557,0.056
110.688291389,0.06
111.958328927,0.035
113.12194283,0.049
114.463054238,0.044
116.000108009,0.057
117.614761662,0.043
119.099771803,0.049
120.673904651,0.058
121.849526478,0.071
122.856132587,0.056
124.101082731,0.048
125.404866315,0.043
126.741996362,0.065
127.868163293,0.079
128.901715036,0.055
129.962161314,0.027
131.017516431,0.056
132.130204411,0.065
133.240711708,0.076
