1.112749105,0.0
2.392885251,0.0
3.419281448,0.0
4.438502167,0.0
5.665656923,0.0
6.75572421,0.0
7.84627682,0.0
9.044550752,0.0
10.200235093,0.0
11.504483937,0.0
12.7003078,0.0
13.863520874,0.0
14.864818898,0.0
16.132715727,0.0
17.242803083,0.0
18.262110628,0.0
19.457982502,0.0
20.601919965,0.0
21.80625566,0.0
22.913701929,0.0
23.987234928,0.0
25.240932656,0.0
26.257942239,0.0
27.307425113,0.0
28.53532991,0.0
29.561207803,0.0
30.68019088,0.0
31.857810571,0.0
32.920817583,0.0
33.931816884,0.0
35.025206906,0.0
36.207963436,0.0
37.28552964,0.0
38.350868544,0.0
39.352794289,0.0
40.614920484,0.0
41.803390499,0.0
42.94213783,0.0
44.020206338,0.0
45.049998005,0.0
46.128165754,0.0
47.286030227,0.0
48.38563238,0.0
49.448736351,0.0
50.487519373,0.0
51.527929616,0.0
52.639150864,0.0
53.640325467,0.0
54.688508333,0.0
55.720020064,0.0
56.722247135,0.0
58.000786458,0.0
59.418742155,0.0
60.577369649,0.0
61.752908733,0.0
62.772290302,0.0
63.905536296,0.0
65.096796145,0.0
66.247202585,0.0
67.323202873,0.0
68.345569109,0.0
69.475306318,0.0
70.475680728,0.0
71.526356173,0.0
72.598075314,0.0
73.706391877,0.0
74.712841108,0.0
75.733988066,0.0
76.756145789,0.0
77.868293049,0.0
78.969405431,0.0
79.978137703,0.0
81.123876905,0.0
82.245908718,0.0
83.275363673,0.0
84.327277689,0.0
85.377685417,0.0
86.4698097,0.0
87.535746767,0.0
88.57082928,0.0
89.636705946,0.0
90.692864605,0.0
91.75721472,0.0
92.996711266,0.0
94.203532677,0.0
95.333745428,0.0
96.342987816,0.0
97.622032587,0.0
98.76766312,0.0
99.879128442,0.0
101.059173378,0.0
102.525077197,0.0
103.5670689,0.0
104.806099818,0.0
106.010671985,0.0
107.172546867,0.0
108.229726605,0.0
109.476979092,0.0
110.688292368,0.0
111.958330115,0.0
113.121943871,0.0
114.463059303,0.0
116.000113314,0.0
117.61476683,0.0
119.099773117,0.0
120.673906017,0.0
121.84952739,0.0
122.856133532,0.0
124.101083956,0.0
125.404867567,0.0
126.741997568,0.0
127.868168019,0.0
128.901716079,0.0
129.962162634,0.0
131.017520889,0.0
132.130205532,0.0
133.240716283,0.0
