0.047890187,1803.527961
0.0481585,3318.236348
0.048291154,4862.083205
0.048455681,6116.748977
0.04863693,8173.645994
0.048849938,9007.516822
0.049072538,10735.310227
0.049243214,11676.134962
0.049413252,12667.011459
0.049608602,14067.023073
0.049784258,15018.019918
0.049943981,16356.763362
0.05027384,17981.117085
0.052288209,18802.38011
0.052375283,20738.311595
0.052463978,22031.091123
0.054030972,23810.548587
0.05415436,25519.494189
0.054251762,27560.239497
0.054335352,29688.492493
0.054466059,31517.993001
0.054543604,33333.948019
0.0546083,34594.072064
0.055753591,36340.94536
0.055805598,38066.770801
0.055856502,39267.897203
0.055941921,40295.650556
0.055981035,42137.66355
0.056014455,43940.578287
0.056046291,45475.663332
0.056083714,46986.804362
14.879933178,33517.865498
14.879989464,34737.710564
14.880012734,35861.879845
14.880032644,36805.682603
14.880051927,37759.057126
14.880073218,38669.757478
14.880093066,39709.803313
14.880112059,40812.829061
14.880131406,41821.639341
14.880240062,42713.568994
14.880261661,43683.570992
31.217719709,29038.219217
31.217739906,29375.345394
31.217755416,30229.985239
31.21777073,31033.378631
31.217786171,31581.247831
31.2178229,32410.118253
31.217847567,33057.172573
31.217863963,34089.342404
31.217879665,34631.316666
31.217908207,35357.323237
31.217931435,36119.972866
47.679924536,20462.062534
47.679942675,21075.968243
47.6799603,21826.008803
47.679974656,22672.052966
47.679994716,23237.11401
47.680010162,23971.08175
47.680026774,24729.271111
47.6800561,25339.749196
47.68007174,26033.08566
47.680087627,27403.130619
47.680133818,27855.861787
60.263792911,15610.301727
60.263812241,16062.205082
60.263826437,16810.135512
60.263841361,17314.072423
60.263856402,17884.309194
60.263875699,19404.364529
60.263894209,20317.18861
60.263922623,20317.194924
60.263960079,20930.106862
60.263975261,21750.392561
60.263998842,23132.132794
68.164037556,15810.991069
68.164060029,16700.070399
68.164072823,17668.138608
68.164091193,18595.034252
68.164106615,20043.310133
68.164121406,20543.883001
68.164140931,21758.008214
68.164156916,24316.147942
68.16417657,24316.138121
68.164194847,25540.896663
68.164210227,27178.967323
75.882133818,21925.227453
75.882158168,24260.983035
75.882173949,27396.218079
75.882192991,29263.060098
75.882234716,31999.018784
75.882251312,34379.066957
75.882273793,37112.075343
