0.125031252,205.393688
0.179323605,248.216051
0.385364379,401.054267
0.481592061,361.730427
0.74829526,491.245231
0.846846335,680.316036
1.195575166,655.734579
1.594358096,414.061539
1.651482036,741.896929
2.021973684,504.496529
2.407858602,467.594418
2.512189435,539.226606
2.882188328,596.20247
2.990609816,559.7033
3.374762498,567.622352
3.509116035,516.295937
3.880345789,631.152772
4.028382852,881.879809
4.290583236,810.774995
4.518535753,756.807179
4.597766681,707.496496
5.09319182,818.027135
5.183670553,830.804458
5.194538823,970.618053
5.387851465,1145.481413
5.900419347,868.777123
5.92221217,981.074004
6.146615666,884.692152
6.172938358,864.419388
6.263524856,1129.659115
6.537511123,1069.642564
7.408165603,818.155239
7.615123606,849.187839
7.625812269,846.553762
7.861250171,836.988401
7.874889149,835.385076
8.23211331,1083.213561
8.470216691,867.065614
8.701774012,868.570722
9.059524103,888.939952
9.06431858,891.954281
9.323647449,894.74128
9.345174095,882.264719
9.571027649,877.514099
9.959747835,826.628174
10.215208444,782.174668
10.23292895,775.576519
10.240822006,775.535775
10.461489662,739.910257
10.793603441,720.964614
10.997890364,727.464684
11.011942116,729.304756
11.021811317,729.791482
11.205538227,1060.964711
11.519457288,968.064992
11.729269506,775.166484
11.745606514,765.871195
11.939858267,776.500968
11.943336347,1128.111595
12.496006328,808.548146
12.511277571,815.259436
12.715281151,811.099881
13.07749757,795.919271
13.310712596,805.85769
13.32759521,795.902638
13.42013179,790.416249
13.532927989,1101.527346
14.110931951,746.604562
14.121386451,750.317582
14.131039542,833.568609
14.323371607,744.326464
14.63987545,945.643793
14.863693026,737.696653
14.886392124,722.215043
14.93352027,723.78042
15.073641523,1069.736848
15.382943253,1006.745958
15.591781181,814.811105
15.605459161,809.133969
15.667294585,969.366053
15.808440969,1177.996019
16.147689078,847.67853
16.154667194,1074.607549
16.418571678,836.717814
16.428191442,1003.124674
16.646726913,1145.698128
17.004552458,797.812538
17.257776434,942.891315
17.515475271,754.05992
17.804062517,741.32135
18.037343706,737.073433
18.048372205,736.964528
18.277083979,721.600171
18.770075547,699.363554
18.791082618,856.550777
18.972531384,974.209997
19.264969396,892.409986
19.472955853,793.740843
19.947864307,842.807566
20.147255338,663.40688
20.337378141,900.059561
20.79887591,618.453305
20.992044536,587.603145
21.244749681,580.044901
21.404626369,588.833252
21.821229011,548.132766
21.991897359,546.75417
22.090259991,543.130402
22.383493044,532.931863
22.544670715,516.897658
22.685690442,721.088271
23.198267129,666.298054
23.594351295,435.010123
23.865227908,531.328644
24.002208279,499.264891
24.314171709,375.337758
24.493979268,445.424731
24.783639164,503.643262
25.255906007,563.740242
25.656435144,319.202906
25.964588758,687.869339
26.523174037,408.209365
26.75323654,313.329063
27.048815673,297.716612
27.322398464,292.045053
27.620274656,507.147808
28.208431808,218.171027
28.550303261,465.211041
29.037273286,318.326455
29.401786712,167.075171
29.576181154,166.595823
29.749104063,160.446639
29.983243301,327.376677
30.153916548,325.519218
30.484853975,160.486695
30.695164231,159.405854
30.861380193,303.120685
31.018150369,344.350519
31.426699861,145.745608
31.579283607,442.232129
31.872783922,334.691544
32.310531388,346.889171
32.680919611,151.677497
32.935790934,290.656441
33.240603497,300.813909
33.541098829,142.361755
33.690941993,249.449716
33.946790235,316.634225
34.105216861,259.36829
34.326962573,321.621767
34.648610907,191.955926
34.785675871,304.945295
35.040180257,193.329229
35.177695151,341.747255
35.633520214,181.059226
35.98672306,175.763803
36.222936787,390.541037
36.682099339,173.413958
36.895378999,396.185885
37.300502991,339.010085
37.475109004,328.415971
37.646232398,317.3939
37.970492717,267.019741
38.215988294,157.550348
38.365841895,287.865446
38.621963415,289.661686
38.744460059,295.211786
39.004985638,318.727198
39.22453883,176.236808
39.36776764,329.084062
39.617522194,305.053476
39.840015148,174.688164
39.971439127,289.17309
40.175282739,174.145902
40.356629163,435.942319
40.801727948,166.84199
41.012593039,187.980247
41.205608748,316.945814
41.364403576,316.276778
41.529490759,434.139344
42.043362425,384.194254
42.30620398,272.429422
42.432683707,296.768862
42.765973454,147.688331
42.957111181,309.520711
43.113689101,309.96512
43.423831618,297.694031
43.734427519,143.09008
44.035179689,151.417292
44.234763672,343.873572
44.585866494,327.802177
45.064971356,308.511343
45.3793918,152.306625
45.575522775,146.161466
45.790625317,138.225514
45.983797607,317.101622
46.143139105,318.562244
46.466479223,262.456421
46.571981552,308.863251
46.889025578,248.827213
47.132396959,161.452947
47.301003578,249.929881
47.393220364,395.650837
47.797096147,302.617375
48.105268633,292.520569
48.400605731,158.026444
48.520799108,280.81412
48.647930769,265.794851
48.880279264,150.711812
48.993190512,154.451015
49.152647546,147.12062
49.306534031,312.337834
49.625319145,268.382182
49.87310734,146.652859
50.023146002,153.740227
50.176422265,255.255948
50.28327894,237.722094
50.502492724,239.348231
50.708048964,150.59728
50.810551034,156.149771
50.962320002,141.383771
51.065431653,235.390072
51.259325036,135.606438
51.392658498,194.214058
51.542902967,250.786414
51.746574783,261.190186
51.958545566,253.205666
52.048538517,295.16879
52.289382699,240.526347
52.466609117,172.445069
52.538810277,292.100101
52.75495452,274.781215
52.842457808,294.482627
53.097808469,241.944366
53.237292494,200.408597
53.344321005,305.296936
53.554065145,212.705167
53.655298818,340.446414
53.880362039,352.684483
54.001077544,334.677641
54.207908528,381.975184
54.447639388,254.207476
54.523325108,460.657619
54.762391242,416.685201
54.890810177,402.097725
55.048496533,451.247796
55.300556678,324.423263
55.358558084,496.436521
55.630059398,439.027028
55.694901708,416.140667
55.868125115,551.757824
56.015198502,422.555529
56.081122994,620.637095
56.273771223,659.910767
56.433148994,519.926644
56.522212037,752.847377
56.704853546,608.238637
56.932711023,638.023539
56.959027505,634.720672
57.050930211,732.834916
57.284172147,777.548352
57.320045912,760.945052
57.568311998,823.571239
57.595594199,834.071228
57.601949207,835.834358
57.717328865,854.499929
58.015759809,862.015243
58.019465804,1221.320385
58.393845587,851.248419
58.397868223,853.908957
58.411311881,886.574312
58.438698245,864.282841
58.568289717,858.509343
58.568705219,866.445034
58.640805623,1064.184417
58.876312605,831.591015
58.883329715,1377.694646
59.433715506,835.259845
59.44889968,827.880286
59.727407094,1192.37926
60.055778321,873.223821
60.117319241,869.737157
60.122153415,872.891883
60.270408077,872.638234
60.276987472,874.898755
60.592343,846.720515
60.602683943,896.234106
60.930886093,840.100777
60.934826588,906.166176
60.99416855,854.973318
61.004197629,980.978676
61.150012824,841.788371
61.165011828,834.6395
61.452200117,798.935645
61.462739968,1096.327014
61.778785953,791.020777
61.785746239,853.360064
61.854081225,793.025987
61.990414233,799.328011
62.003498607,1051.572584
62.263537168,803.616584
62.271892902,803.992515
62.568443037,827.468243
62.586493142,888.65826
62.652443554,829.363682
62.787263653,848.637478
62.803378494,851.627103
63.066713652,848.133676
63.077282023,993.728936
63.21037846,1045.544701
63.397044221,868.93985
63.404328204,870.664819
63.485947158,861.217438
63.636440981,847.526053
63.643877041,857.280553
63.661383356,847.778431
63.920509647,858.355351
63.934391452,860.691189
64.038135911,858.963271
64.260640391,842.462565
64.273743358,851.106875
64.50295144,804.922279
64.510885326,805.021432
64.785479745,768.409809
64.805456092,763.682397
65.111769496,737.36433
65.13134929,726.694941
65.217644632,726.055643
65.310469589,721.311535
65.321124474,934.775883
65.571848662,701.191298
65.658514892,906.575229
65.85106255,724.115373
65.893491263,861.570622
66.030924205,732.196324
66.05056743,947.337957
66.275171315,736.025346
66.326945038,741.059079
66.571488552,757.521361
66.578070323,769.882048
66.587862153,824.054409
66.765893177,784.018001
66.784568851,772.366183
67.008278307,786.760033
67.027850481,922.032212
67.156598611,985.337555
67.347846068,845.989096
67.417003418,808.881213
67.544397785,812.756488
67.557036388,818.866643
67.806498902,842.722817
67.822176694,933.723007
68.14797868,857.123388
68.157555277,892.357335
68.262652514,955.27342
68.371220869,856.009268
68.378929866,1105.014917
68.631776102,874.15599
68.75772949,1074.24649
69.009043287,844.889835
69.083986091,837.921328
69.224860878,851.08298
69.241234952,1110.722044
69.490279669,880.800212
69.557467992,1126.307348
69.845540322,851.626259
69.858776339,915.223302
70.07125513,826.735437
70.07942394,838.562134
70.151034456,830.20038
70.368783025,801.161955
70.389924263,800.022012
70.490654079,973.359225
70.701621055,770.206408
70.708499671,802.493136
70.853870255,743.939155
70.910976973,750.165213
70.923841124,748.120144
71.170781602,742.367815
71.234034601,724.773117
71.456446706,749.519098
71.473872203,758.08709
71.484536574,808.445456
71.541329524,867.84876
71.652207307,766.890351
71.668711981,760.283782
71.683205021,759.747365
71.903436896,788.487237
71.996958955,995.046956
72.227457032,792.338227
72.277290294,781.62409
72.370108099,791.875893
72.422718742,792.337413
72.432690738,805.300403
72.445424879,977.7873
72.68921319,817.880866
72.712320603,1000.826604
72.871920292,987.224559
73.018399884,863.601098
73.092893375,854.304481
73.167310506,922.684309
73.231087897,877.902435
73.241296652,929.848274
73.505489797,859.640204
73.528567761,861.274057
73.576366198,860.811501
73.721365228,1010.675974
73.876425497,868.661961
73.886092616,899.942117
74.038725428,863.317262
74.09086355,872.146835
74.110433101,875.66776
74.177229362,906.649452
74.380430907,831.641231
74.446077269,821.113465
74.727814459,786.130391
74.793608661,786.23548
74.918564262,775.546587
74.971772708,780.244048
74.986306889,780.623216
74.999453015,779.725533
75.210848318,784.337887
75.244714107,781.366196
75.374397341,775.51927
75.531563261,780.539584
75.545613306,780.299542
75.646234018,775.6703
75.748961417,764.112166
75.768715518,765.358106
75.778487623,762.555022
75.882089242,756.873615
76.002983256,758.228259
76.032609716,757.16514
76.190992544,882.93675
76.329752329,821.453169
76.510989207,780.004839
76.543765142,775.515793
76.553427352,868.499174
76.77111914,806.786561
76.797515747,957.570626
77.080410598,804.741693
77.087991092,847.096913
77.127208651,919.964766
77.287095739,821.887559
77.311594716,827.265192
77.318927713,829.178194
77.470601064,929.303773
77.585191116,842.895592
77.760579805,843.519622
77.8832664,873.724825
77.938601547,885.28523
78.107068484,878.975924
78.138230558,852.669198
78.147744307,870.352563
78.332937792,923.006488
78.407295935,879.750057
78.611277206,995.94832
78.830911923,839.165332
78.984378782,833.776476
79.005372886,893.835226
79.261092336,828.072691
79.422003596,786.124912
79.605235056,762.800111
79.618237908,761.002955
79.765237438,745.925627
79.833679543,759.24655
79.993111054,736.0115
80.077363481,738.537637
80.103993858,739.190293
80.242927551,745.974763
80.379369804,756.536332
80.436351619,907.563067
80.585572413,773.471438
80.597510255,779.462663
80.742559164,889.304948
80.845782596,951.442565
81.138850256,875.421208
81.231543219,854.459461
81.360499934,893.676855
81.367696255,896.231542
81.387451819,926.76208
81.543033044,890.193272
81.637695031,900.319965
81.6813741,1013.670519
81.834116502,1011.865322
82.00616565,853.951719
82.016680655,1038.469032
82.274679637,791.241445
82.833443837,717.600003
82.861199964,768.693555
83.053844973,695.19523
83.067744552,695.245165
83.290337024,684.679226
83.363638112,684.646265
83.546564296,693.456869
83.569532348,752.673388
83.634017044,825.923889
83.748381034,732.720798
83.768246736,835.047859
83.997017792,731.189684
84.126707868,738.313974
84.26608363,754.945005
84.279290047,823.738897
84.480950444,779.200421
84.490458254,909.452843
84.779757582,793.206949
84.869018716,797.272972
85.024900867,821.030653
85.041041139,874.002098
85.109021054,962.883174
85.25358618,830.572477
85.392658768,825.546694
85.569777172,941.2258
85.669740182,1012.319428
85.847173715,911.907396
86.053760933,890.550191
86.169699259,1063.466764
86.364034166,970.217316
86.484783051,942.31335
86.696031669,908.222464
86.777285561,890.631146
86.946245988,852.918646
87.156661579,1051.300162
87.372203147,1002.795627
87.624895318,818.102945
87.801865567,896.22688
88.139243301,849.910522
88.39002832,709.110663
88.489815598,707.207916
88.585802631,713.255553
88.713673354,722.612384
88.825738353,730.52342
88.941268011,911.8365
89.164050633,758.054074
89.283389815,766.741115
89.365168192,905.120903
89.651679297,852.517472
89.693994549,998.965859
89.927288265,959.816086
90.081330844,840.925388
90.23273202,982.324586
90.359746884,1010.330736
90.577000332,976.02489
90.707837956,905.285426
90.786876382,872.031689
90.995439387,845.525927
91.374435208,937.781694
91.576214028,812.959757
91.772188071,725.953483
91.944156724,720.206178
92.16637496,705.663796
92.313299029,694.740248
92.38899145,686.175546
92.501458594,683.62488
92.763970957,681.174779
93.011684617,693.394604
93.08987176,699.334849
93.192362884,706.764315
93.485055746,726.207784
93.715004846,836.18349
93.795995453,871.941417
94.218506028,1021.750209
94.553589317,788.700763
94.774612521,785.640458
95.150112885,888.172219
95.348718779,797.571389
95.566009967,806.272223
95.93658037,1046.389227
96.149683128,1047.377822
96.357961167,1123.214106
96.94387654,863.351658
97.065463221,1064.833125
97.637005938,866.172243
97.865348906,1036.99699
98.615787423,741.23839
98.782636471,724.603128
99.172619154,970.459921
99.414016071,863.169679
99.545768799,1131.455791
100.14660317,812.592337
100.249021804,1062.935197
100.473111099,1268.01899
101.074146729,1064.02056
101.634066987,839.219427
101.840132435,948.996529
102.540050548,777.135908
102.758852543,777.469651
102.972750294,775.611787
103.455785609,804.557499
103.582042251,806.2494
103.973357592,841.863941
104.267483668,1033.777993
104.436749047,1254.505768
105.144550277,873.819961
105.407266202,835.929435
106.025645336,715.490885
106.17528265,712.743119
106.645955597,903.243287
106.847285174,1033.920755
107.187520218,949.768017
107.455090017,787.343715
107.557730345,1131.518592
108.244699956,830.616356
108.737517965,728.92119
108.95509926,926.068282
109.491952443,769.292926
109.707209963,988.081522
110.376858566,781.42581
110.484812823,1014.494875
111.161570459,1066.829165
111.417578572,1381.717855
111.973303466,1021.035162
112.153939047,1399.221165
112.699478603,1096.869123
112.932964332,1064.24036
