0.125022507,0.008745
0.179322472,0.001133
0.385362981,0.001398
0.432917394,0.004718
0.481591165,0.000896
0.748290005,0.005255
0.846845382,0.000953
1.127721158,0.001298
1.195574242,0.000924
1.43946176,0.001252
1.594357081,0.001015
1.651481156,0.00088
1.957622056,0.000903
2.021969436,0.004248
2.084115768,0.004132
2.407857687,0.000915
2.512185169,0.004266
2.582626464,0.00091
2.882187328,0.001
2.990608924,0.000892
3.058236287,0.001614
3.374756955,0.005543
3.434253822,0.000977
3.509115089,0.000946
3.880344627,0.001162
3.939194625,0.000974
4.028381885,0.000967
4.290577987,0.005249
4.453474123,0.001395
4.51853156,0.004193
4.597762298,0.004383
4.620595829,0.00089
5.093190086,0.001734
5.108288403,0.000903
5.183669537,0.001016
5.194534929,0.003894
5.302790977,0.000965
5.387850412,0.001053
5.68062596,0.004314
5.90041831,0.001037
5.922207966,0.004204
6.020267208,0.000879
6.026645611,0.000847
6.146614517,0.001149
6.17293729,0.001068
6.263523756,0.0011
6.537510224,0.000899
6.770696586,0.000975
7.408160585,0.005018
7.615122445,0.001161
7.618962796,0.000903
7.625811394,0.000875
7.861249209,0.000962
7.874888292,0.000857
8.23211205,0.00126
8.458930944,0.00561
8.470215831,0.00086
8.477162632,0.000793
8.701773103,0.000909
8.71203916,0.004154
9.059522626,0.001477
9.064317787,0.000793
9.323642773,0.004676
9.33735857,0.000897
9.34517323,0.000865
9.571026662,0.000987
9.959746894,0.000941
10.215206723,0.001721
10.232923872,0.005078
10.240821192,0.000814
10.461488581,0.001081
10.793602179,0.001262
10.997889283,0.001081
11.011941319,0.000797
11.021810466,0.000851
11.205537318,0.000909
11.519456148,0.00114
11.72926852,0.000986
11.745605643,0.000871
11.754668776,0.00081
11.939853923,0.004344
11.943335531,0.000816
12.275499495,0.005087
12.496005324,0.001004
12.511276764,0.000807
12.518235263,0.000823
12.715280263,0.000888
12.723166814,0.000821
13.077496569,0.001001
13.310711442,0.001154
13.327590986,0.004224
13.334031935,0.004497
13.420130854,0.000936
13.532927133,0.000856
13.87849328,0.000945
14.11092696,0.004991
14.121385575,0.000876
14.131038676,0.000866
14.215929256,0.001489
14.323369758,0.001849
14.639874255,0.001195
14.863691805,0.001221
14.879787856,0.004393
14.886388323,0.003801
14.933519396,0.000874
15.07363726,0.004263
15.382938288,0.004965
15.591780049,0.001132
15.605458314,0.000847
15.612308211,0.000808
15.667293662,0.000923
15.808440189,0.00078
16.147688196,0.000882
16.154666335,0.000859
16.401996383,0.000895
16.41857086,0.000818
16.428187588,0.003854
16.612095093,0.000853
16.646726089,0.000824
16.99452809,0.000901
17.004551635,0.000823
17.257775304,0.00113
17.437465113,0.001429
17.515474233,0.001038
17.804061421,0.001096
18.037342677,0.001029
18.048371353,0.000852
18.277081951,0.002028
18.770074231,0.001316
18.791081777,0.000841
18.972530334,0.00105
19.264968189,0.001207
19.472954543,0.00131
19.587631168,0.002136
19.94786322,0.001087
20.147253904,0.001434
20.167866164,0.000853
20.337377123,0.001018
20.616892375,0.000941
20.79887505,0.00086
20.819042323,0.000812
20.992043623,0.000913
21.244744916,0.004765
21.404625127,0.001242
21.425557588,0.000923
21.821227536,0.001475
21.991896426,0.000933
22.09025536,0.004631
22.383491821,0.001223
22.544669305,0.00141
22.685689461,0.000981
22.928670952,0.004328
23.198266184,0.000945
23.413699533,0.004539
23.594350273,0.001022
23.865226194,0.001714
24.002207388,0.000891
24.102896855,0.000953
24.314166345,0.005364
24.493978097,0.001171
24.5770816,0.000933
24.783637542,0.001622
24.946270111,0.000888
25.255904835,0.001172
25.484977013,0.001152
25.656434122,0.001022
25.964587717,0.001041
26.272914578,0.001012
26.52316686,0.007177
26.753235611,0.000929
27.048814434,0.001239
27.322397385,0.001079
27.620273231,0.001425
27.848104219,0.004905
28.208430436,0.001372
28.550302125,0.001136
28.815880708,0.001105
29.037272228,0.001058
29.173860686,0.004473
29.401785471,0.001241
29.576176722,0.004432
29.74910206,0.002003
29.98323877,0.004531
30.153915669,0.000879
30.319201854,0.004402
30.484853117,0.000858
30.695163308,0.000923
30.861379315,0.000878
31.018149477,0.000892
31.220914438,0.003722
31.426698348,0.001513
31.579282556,0.001051
31.872782984,0.000938
32.052931201,0.001237
32.310530157,0.001231
32.506445956,0.001266
32.680918505,0.001106
32.93578581,0.005124
33.08180997,0.001247
33.240602499,0.000998
33.393671232,0.001089
33.541097745,0.001084
33.690937335,0.004658
33.795727693,0.004223
33.946789296,0.000939
34.105212574,0.004287
34.197827308,0.004321
34.326957418,0.005155
34.456997556,0.000891
34.648606632,0.004275
34.785674946,0.000925
34.902839145,0.004192
35.040175197,0.00506
35.177690396,0.004755
35.340467341,0.001055
35.633518776,0.001438
35.98672197,0.00109
36.222935658,0.001129
36.436772265,0.001607
36.682098314,0.001025
36.895378076,0.000923
37.119672743,0.004587
37.300498387,0.004604
37.475108121,0.000883
37.646231486,0.000912
37.805989963,0.000898
37.970491172,0.001545
38.085572013,0.001831
38.215986976,0.001318
38.365837083,0.004812
38.490114087,0.005172
38.621962493,0.000922
38.744459182,0.000877
38.870386133,0.001034
39.004984642,0.000996
39.142078426,0.000985
39.224537875,0.000955
39.36776669,0.00095
39.516354589,0.000912
39.617521248,0.000946
39.739287429,0.001132
39.840014007,0.001141
39.971438156,0.000971
40.083976163,0.001165
40.175281805,0.000934
40.356624824,0.004339
40.629892919,0.000916
40.801726942,0.001006
41.012592139,0.0009
41.205607753,0.000995
41.364402609,0.000967
41.529489726,0.001033
41.818362849,0.001001
42.043361422,0.001003
42.306202921,0.001059
42.432682341,0.001366
42.58561971,0.00101
42.765972466,0.000988
42.957110201,0.00098
43.11368805,0.001051
43.271694193,0.001663
43.423830645,0.000973
43.577124486,0.000926
43.734426518,0.001001
44.035175012,0.004677
44.234762707,0.000965
44.429370806,0.001036
44.5858618,0.004694
44.774971695,0.000886
45.064970458,0.000898
45.218510566,0.001773
45.379390068,0.001732
45.575521739,0.001036
45.790624168,0.001149
45.983796444,0.001163
46.143134431,0.004674
46.307896991,0.001088
46.466478164,0.001059
46.571977612,0.00394
46.719453619,0.004445
46.889024657,0.000921
46.976779909,0.001871
47.132396067,0.000892
47.301002477,0.001101
47.393219434,0.00093
47.631152105,0.001197
47.797094943,0.001204
47.953860467,0.004409
48.105267681,0.000952
48.236658328,0.001132
48.400604725,0.001006
48.520798191,0.000917
48.647929876,0.000893
48.755420799,0.000975
48.880278387,0.000877
48.993189473,0.001039
49.15264638,0.001166
49.306532429,0.001602
49.463704914,0.004788
49.625317661,0.001484
49.746181426,0.004758
49.873105884,0.001456
50.023145124,0.000878
50.176421131,0.001134
50.28327784,0.0011
50.369671391,0.001041
50.502487921,0.004803
50.597168695,0.000945
50.708048109,0.000855
50.810550182,0.000852
50.962319119,0.000883
51.065430768,0.000885
51.161449016,0.000843
51.259324196,0.00084
51.39265764,0.000858
51.44854773,0.004189
51.542902156,0.000811
51.641415788,0.000918
51.746570508,0.004275
51.849702399,0.000935
51.958544728,0.000838
52.048537607,0.00091
52.176578426,0.000855
52.289380679,0.00202
52.359325633,0.00146
52.466608129,0.000988
52.538809078,0.001199
52.654119654,0.004561
52.754953487,0.001033
52.842453776,0.004032
52.943566539,0.000908
53.097807141,0.001328
53.143817281,0.000851
53.237290902,0.001592
53.344320045,0.00096
53.444567734,0.001025
53.554064198,0.000947
53.655297996,0.000822
53.771283961,0.001014
53.880361203,0.000836
54.001076279,0.001265
54.098809553,0.00108
54.207903727,0.004801
54.342805145,0.00138
54.447638359,0.001029
54.523324152,0.000956
54.703480549,0.001135
54.762390321,0.000921
54.890808543,0.001634
54.99516386,0.001013
55.04849566,0.000873
55.186313502,0.001153
55.300555619,0.001059
55.358557244,0.00084
55.504665913,0.001095
55.630054967,0.004431
55.69490084,0.000868
55.734989075,0.00434
55.868124223,0.000892
55.998336068,0.000965
56.015197685,0.000817
56.081119154,0.00384
56.241707535,0.001078
56.273770349,0.000874
56.433147857,0.001137
56.443092717,0.000819
56.522211052,0.000985
56.704852431,0.001115
56.737219604,0.000882
56.932709655,0.001368
56.93979977,0.000848
56.95902669,0.000815
57.050929332,0.000879
57.106464443,0.000951
57.2841712,0.000947
57.320043646,0.002266
57.333106644,0.000807
57.56831014,0.001858
57.595589799,0.0044
57.601948368,0.000839
57.71732757,0.001295
57.720590283,0.000801
58.015755164,0.004645
58.019464973,0.000831
58.068300403,0.003984
58.08715611,0.000925
58.393844601,0.000986
58.397867433,0.00079
58.411311102,0.000779
58.438697437,0.000808
58.568285145,0.004572
58.568704397,0.000822
58.574958175,0.000795
58.640804783,0.00084
58.876311736,0.000869
58.883328824,0.000891
59.433714387,0.001119
59.43927744,0.000868
59.448898875,0.000805
59.727405957,0.001137
60.055777292,0.001029
60.061065102,0.000987
60.117318337,0.000904
60.122147243,0.006172
60.270407232,0.000845
60.276986657,0.000815
60.592341665,0.001335
60.602683086,0.000857
60.659494501,0.001043
60.930881209,0.004884
60.934825739,0.000849
60.994167681,0.000869
61.004193741,0.003888
61.150008381,0.004443
61.154402027,0.0008
61.16500774,0.004088
61.452194601,0.005516
61.462739191,0.000777
61.767881025,0.001059
61.778781803,0.00415
61.785745464,0.000775
61.847574685,0.003935
61.854080438,0.000787
61.990409862,0.004371
61.996872831,0.000777
62.003497796,0.000811
62.255258481,0.005066
62.263536313,0.000855
62.271892077,0.000825
62.568441545,0.001492
62.578611195,0.003272
62.586492332,0.00081
62.645917348,0.000953
62.652442734,0.00082
62.787262702,0.000951
62.796961156,0.000823
62.803377684,0.00081
62.813145772,0.000806
63.06670929,0.004362
63.077281204,0.000819
63.210377486,0.000974
63.397043305,0.000916
63.404327376,0.000828
63.410877644,0.000803
63.485946207,0.000951
63.49291885,0.003802
63.636436797,0.004184
63.643873095,0.003946
63.651177672,0.001261
63.66138256,0.000796
63.920508228,0.001419
63.934390578,0.000874
64.0381317,0.004211
64.260639344,0.001047
64.273742463,0.000895
64.280366942,0.000828
64.502950175,0.001265
64.510884514,0.000812
64.785478794,0.000951
64.80545491,0.001182
65.111768544,0.000952
65.121629534,0.000826
65.131348483,0.000807
65.217643733,0.000899
65.310468633,0.000956
65.321123658,0.000816
65.556507376,0.000861
65.571844514,0.004148
65.658514022,0.00087
65.851058159,0.004391
65.859687287,0.000777
65.893490399,0.000864
66.03092154,0.002665
66.041084646,0.000866
66.050566626,0.000804
66.262174719,0.001217
66.275170417,0.000898
66.326940276,0.004762
66.571487321,0.001231
66.578069411,0.000912
66.587861302,0.000851
66.645278073,0.000948
66.765892003,0.001174
66.778170965,0.004068
66.784564809,0.004042
67.008277327,0.00098
67.027849188,0.001293
67.156593968,0.004643
67.338174772,0.001452
67.347845214,0.000854
67.389967498,0.000853
67.417002617,0.000801
67.54439689,0.000895
67.557035589,0.000799
67.566906937,0.000789
67.806497999,0.000903
67.822175884,0.00081
67.922426427,0.000986
68.147977166,0.001514
68.157554398,0.000879
68.201406127,0.001441
68.262651559,0.000955
68.360541537,0.000923
68.371220087,0.000782
68.378929089,0.000777
68.631775023,0.001079
68.65135822,0.000871
68.757725305,0.004185
68.999317779,0.000995
69.009042511,0.000776
69.018906746,0.001191
69.083985154,0.000937
69.224859969,0.000909
69.231641941,0.000834
69.241234071,0.000881
69.490278613,0.001056
69.503672244,0.000874
69.5574671,0.000892
69.834963476,0.004356
69.845539496,0.000826
69.858771738,0.004601
69.928375502,0.00454
70.071250715,0.004415
70.079419608,0.004332
70.086661308,0.000809
70.151033549,0.000907
70.368782008,0.001017
70.389923404,0.000859
70.490653093,0.000986
70.701620005,0.00105
70.708498839,0.000832
70.751068735,0.004193
70.853869354,0.000901
70.91097617,0.000803
70.923837174,0.00395
70.931988624,0.004014
71.170777034,0.004568
71.187446774,0.000928
71.234033555,0.001046
71.456445247,0.001459
71.473871392,0.000811
71.484535713,0.000861
71.5413287,0.000824
71.652206432,0.000875
71.658937111,0.00079
71.66871118,0.000801
71.683201147,0.003874
71.903436051,0.000845
71.922772679,0.000813
71.996958136,0.000819
72.210319511,0.001026
72.227456142,0.00089
72.2382303,0.000907
72.277289384,0.00091
72.370107195,0.000904
72.422717965,0.000777
72.432689979,0.000759
72.44542409,0.000789
72.613047787,0.000878
72.68921225,0.00094
72.712319776,0.000827
72.871919299,0.000993
73.00467127,0.000859
73.018399079,0.000805
73.028939614,0.003887
73.092881031,0.012344
73.167309174,0.001332
73.220542173,0.001152
73.231087099,0.000798
73.241295823,0.000829
73.305022219,0.000887
73.505487657,0.00214
73.528566807,0.000954
73.576365213,0.000985
73.721364304,0.000924
73.865319369,0.001811
73.876424659,0.000838
73.886091748,0.000868
73.922667271,0.000836
74.03872075,0.004678
74.09086262,0.00093
74.097372189,0.000819
74.110432287,0.000814
74.117468833,0.004077
74.177228518,0.000844
74.380429762,0.001145
74.446076328,0.000941
74.727813385,0.001074
74.793607783,0.000878
74.918563157,0.001105
74.971771797,0.000911
74.986306055,0.000834
74.999452214,0.000801
75.210847027,0.001291
75.244713052,0.001055
75.374396355,0.000986
75.531562242,0.001019
75.54561246,0.000846
75.646233178,0.00084
75.748960205,0.001212
75.768714702,0.000816
75.778486843,0.00078
75.882084469,0.004773
76.002982353,0.000903
76.032608851,0.000865
76.190987899,0.004645
76.319591021,0.004983
76.329751467,0.000862
76.393809173,0.000944
76.510988205,0.001002
76.530335059,0.004137
76.543764351,0.000791
76.55342649,0.000862
76.647063657,0.000945
76.771118137,0.001003
76.79751428,0.001467
76.956044157,0.001703
77.08040603,0.004568
77.087990213,0.000879
77.127207807,0.000844
77.229334299,0.001075
77.287094602,0.001137
77.311593798,0.000918
77.318923464,0.004249
77.325371154,0.000828
77.470600023,0.001041
77.555420163,0.000864
77.585189428,0.001688
77.760578709,0.001096
77.883265452,0.000948
77.899702393,0.000868
77.938597303,0.004244
77.975992456,0.00418
78.10706375,0.004734
78.123475424,0.000817
78.138227877,0.002681
78.147740249,0.004058
78.161104793,0.000821
78.332936659,0.001133
78.407291039,0.004896
78.433963098,0.000828
78.611276262,0.000944
78.764441933,0.000999
78.830911053,0.00087
78.984374653,0.004129
79.005372076,0.00081
79.072716992,0.001019
79.261091411,0.000925
79.285252813,0.000779
79.42200272,0.000876
79.605234179,0.000877
79.618237066,0.000842
79.765236436,0.001002
79.833678649,0.000894
79.847343809,0.000782
79.993110126,0.000928
80.077362535,0.000946
80.103993022,0.000836
80.242926494,0.001057
80.379365211,0.004593
80.436350735,0.000884
80.56835985,0.00128
80.585571567,0.000846
80.597509471,0.000784
80.7425538,0.005364
80.822113586,0.005245
80.845781697,0.000899
80.965309787,0.000932
81.138849194,0.001062
81.149077636,0.000844
81.231538274,0.004945
81.360498807,0.001127
81.367695401,0.000854
81.387447065,0.004754
81.543032082,0.000962
81.63769416,0.000871
81.681373269,0.000831
81.834115147,0.001355
82.006164759,0.000891
82.016679675,0.00098
82.260881023,0.001046
82.274678775,0.000862
82.833442793,0.001044
82.861199075,0.000889
82.930079243,0.000842
83.053843995,0.000978
83.067743717,0.000835
83.29033592,0.001104
83.36363718,0.000932
83.546562782,0.001514
83.569531471,0.000877
83.634015952,0.001092
83.748380019,0.001015
83.768245801,0.000935
83.880118715,0.001039
83.997016906,0.000886
84.126706749,0.001119
84.266078546,0.005084
84.279285847,0.0042
84.342250047,0.000993
84.480949273,0.001171
84.490457454,0.0008
84.61995718,0.000952
84.779756086,0.001496
84.86901782,0.000896
85.02489987,0.000997
85.041040301,0.000838
85.109020151,0.000903
85.253585158,0.001022
85.264091928,0.000855
85.392657697,0.001071
85.56977603,0.001142
85.669739244,0.000938
85.834019392,0.00117
85.847172854,0.000861
85.909655542,0.000983
86.053760006,0.000927
86.087176731,0.000917
86.169698402,0.000857
86.364033281,0.000885
86.484782183,0.000868
86.579617478,0.000948
86.696030749,0.00092
86.751259433,0.004262
86.777284555,0.001006
86.946245115,0.000873
86.953041263,0.000808
87.156660716,0.000863
87.372202264,0.000883
87.55071905,0.001068
87.624894339,0.000979
87.801860472,0.005095
87.944961681,0.001213
88.139242187,0.001114
88.275127167,0.001394
88.390027264,0.001056
88.489814645,0.000953
88.585801257,0.001374
88.713672378,0.000976
88.825737427,0.000926
88.941267071,0.00094
89.096969763,0.001409
89.164049787,0.000846
89.283388796,0.001019
89.365167121,0.001071
89.483173966,0.003184
89.651678317,0.00098
89.693993578,0.000971
89.860514159,0.001306
89.927287294,0.000971
90.042049186,0.001007
90.081329896,0.000948
90.232727149,0.004871
90.359742155,0.004729
90.505846988,0.004305
90.576999287,0.001045
90.70783306,0.004896
90.786875433,0.000949
90.995438387,0.001
91.374434156,0.001052
91.57620907,0.004958
91.665175875,0.001078
91.77218717,0.000901
91.944155449,0.001275
92.166373794,0.001166
92.31329805,0.000979
92.388990356,0.001094
92.501457632,0.000962
92.763965913,0.005044
93.01168015,0.004467
93.089867437,0.004323
93.192362018,0.000866
93.485054664,0.001082
93.715000396,0.00445
93.795991128,0.004325
93.904668452,0.000877
94.218505073,0.000955
94.459459544,0.005796
94.553588373,0.000944
94.774611114,0.001407
95.150111547,0.001338
95.348717685,0.001094
95.566008834,0.001133
95.936579126,0.001244
96.149681929,0.001199
96.357959538,0.001629
96.62322147,0.001154
96.943875321,0.001219
97.065462231,0.00099
97.271440398,0.0011
97.637004693,0.001245
97.865342628,0.006278
98.086214907,0.001368
98.615785755,0.001668
98.782633829,0.002642
99.172617944,0.00121
99.414015009,0.001062
99.545763578,0.005221
99.894100203,0.00159
100.146601926,0.001244
100.249020751,0.001053
100.473110113,0.000986
100.875991173,0.001172
101.074142373,0.004356
101.267472799,0.000967
101.63406537,0.001617
101.84013115,0.001285
101.986492118,0.001292
102.540049213,0.001335
102.758847543,0.005
102.972748726,0.001568
103.455784492,0.001117
103.582038033,0.004218
103.973355906,0.001686
104.267482561,0.001107
104.436747874,0.001173
104.821071994,0.001175
105.144548967,0.00131
105.407264934,0.001268
106.025643705,0.001631
106.175281472,0.001178
106.645954293,0.001304
106.847283962,0.001212
107.187519163,0.001055
107.455085636,0.004381
107.5577295,0.000845
107.990130739,0.004267
108.244698886,0.00107
108.36192918,0.000932
108.737516353,0.001612
108.955097786,0.001474
109.132225495,0.0017
109.491950908,0.001535
109.707204608,0.005355
109.918412968,0.004983
110.376853581,0.004985
110.484808466,0.004357
110.70326474,0.000979
111.161568902,0.001557
111.417577448,0.001124
111.973302278,0.001188
112.153937899,0.001148
112.699477109,0.001494
112.932963,0.001332
113.136916181,0.001041
113.650354871,0.001726
113.804667727,0.004685
114.096346763,0.00138
