0.047890187,1147.68266
0.0481585,2834.026757
0.048291154,3980.085848
0.048455681,5254.333516
0.04863693,6214.884631
0.048849938,8183.258747
0.049072538,9288.2845
0.049243214,10948.643372
0.049413252,11893.921017
0.049608602,13277.976168
0.049784258,14273.578628
0.049943981,15555.512978
0.05027384,16561.819477
0.052288209,17996.081773
0.052375283,20094.875883
0.052463978,21373.090882
0.054030972,23359.660782
0.05415436,24892.113314
0.054251762,27268.142775
0.054335352,29521.83378
0.054466059,31372.229472
0.054543604,33186.056069
0.0546083,34402.386247
0.055753591,36167.178222
0.055805598,37914.680576
0.055856502,39086.218997
0.055941921,40119.338337
0.055981035,41987.378205
0.056014455,43521.108261
0.056046291,45323.340413
0.056083714,46832.93793
14.879933178,33356.721991
14.879989464,34583.706906
14.880012734,35717.154415
14.880032644,36662.868012
14.880051927,37586.554229
14.880073218,38464.244378
14.880093066,39462.70869
14.880112059,40478.443777
14.880131406,41200.981847
14.880240062,42078.785395
14.880261661,42837.063946
31.217719709,27220.9764
31.217739906,28231.157498
31.217755416,29384.926226
31.21777073,30234.400408
31.217786171,30785.710316
31.2178229,31569.437503
31.217847567,32193.028669
31.217863963,32820.261298
31.217879665,33903.74858
31.217908207,34641.777868
31.217931435,35360.136528
47.679924536,19658.233788
47.679942675,20242.482223
47.6799603,20971.396492
47.679974656,21810.300066
47.679994716,22406.664581
47.680010162,23230.964615
47.680026774,23972.178147
47.6800561,24558.172681
47.68007174,25191.845466
47.680087627,25624.932995
47.680133818,26358.578389
60.263792911,14529.812868
60.263812241,15281.798792
60.263826437,16055.755412
60.263841361,16533.671361
60.263856402,17061.51343
60.263875699,17843.168998
60.263894209,18500.54567
60.263922623,19354.313084
60.263960079,20172.38889
60.263975261,20885.101076
60.263998842,21742.163908
68.164037556,15126.295107
68.164060029,15962.63436
68.164072823,16860.823694
68.164091193,17683.080087
68.164106615,18613.176487
68.164121406,19975.117457
68.164140931,20999.907403
68.164156916,21917.171085
68.16417657,23412.022326
68.164194847,24847.476423
68.164210227,26389.376624
75.882133818,21061.737777
75.882158168,23531.854364
75.882173949,25751.887335
75.882192991,28385.286404
75.882234716,31305.282183
75.882251312,33609.696303
75.882273793,36271.661282
