0.124995271,54.327201
0.179319224,206.043757
0.385359726,47.557668
0.432910589,48.680576
0.481589677,266.700328
0.748275746,98.569636
0.846841591,280.879567
1.127718203,67.856039
1.195572847,243.888913
1.439457349,154.899732
1.594355398,57.125758
1.651479849,306.142207
1.957620204,64.349232
2.021963134,62.152634
2.084109594,323.748093
2.407855878,104.329291
2.512178956,70.447508
2.582625064,299.562264
2.882185257,108.423667
2.990607501,67.628786
3.058231716,316.525239
3.374746695,59.507127
3.434252092,74.862997
3.509113355,371.231272
3.880341867,58.852758
3.939192693,89.189192
4.028377002,262.200985
4.290567585,162.906538
4.453471671,65.059889
4.518524964,79.237334
4.597755478,22.840351
4.620594259,472.595827
5.093186985,15.101418
5.108285154,75.384383
5.183667413,10.867516
5.19452895,108.262027
5.302789197,85.061215
5.387848004,292.777956
5.68061659,219.80172
5.900415683,21.792283
5.922201753,98.065455
6.020265379,6.380232
6.0266442,119.970317
6.146610809,26.326481
6.172930019,90.593737
6.263521561,273.988663
6.537506958,233.189628
6.77069383,637.466755
7.408150728,206.971717
7.615119576,3.84322
7.618961454,6.84994
7.625810064,235.439145
7.861246745,13.641547
7.874886922,357.225128
8.232108685,226.822259
8.458921641,11.29419
8.470214454,6.948178
8.477161401,224.611702
8.701771217,10.267943
8.712033081,347.489545
9.059520722,4.797065
9.064316467,259.326306
9.323634681,13.723889
9.337357038,7.816192
9.345171983,225.854679
9.571024531,388.722363
9.959744373,255.46235
10.215203227,17.720645
10.232917343,7.903849
10.240819345,220.669236
10.461485342,332.116837
10.793598732,204.290551
10.997886586,14.054733
11.011939993,9.870473
11.021808932,183.728386
11.205534517,313.921631
11.519453073,209.815447
11.729265751,16.339892
11.745604261,9.064515
11.75466752,185.186403
11.939846496,3.489035
11.943334269,332.165226
12.275489147,220.516177
12.496002129,15.274635
12.511275382,6.959881
12.518233929,197.046334
12.715277704,7.88911
12.723165501,354.331068
13.077493507,233.217935
13.310708397,16.882589
13.32758477,6.447165
13.334024089,86.106765
13.420129269,112.797864
13.532925016,345.568264
13.878490374,232.436586
14.110918622,10.466953
14.121384029,9.654647
14.13103733,84.891926
14.215926921,107.442837
14.323362886,316.511369
14.639869276,223.822529
14.863688277,16.099579
14.87978126,6.607063
14.886382687,47.136709
14.933518049,140.119211
15.073629783,309.308505
15.382927777,208.852272
15.591777587,13.680727
15.605456959,6.851252
15.612306975,54.986687
15.667292114,141.148075
15.808438864,339.249332
16.147686462,6.979873
16.154664901,247.331482
16.401994331,16.576529
16.418569465,9.618123
16.428181472,183.913621
16.612093317,34.632772
16.646724589,347.803501
16.994526195,10.02544
17.004550228,253.225076
17.257771769,179.693344
17.437460683,78.01355
17.515471685,288.589736
17.804058971,233.283706
18.037339815,11.031538
18.048369982,228.711969
18.277075847,492.998384
18.770069998,21.011779
18.791080274,181.45006
18.972526971,292.441218
19.264962582,207.991961
19.472948293,114.682875
19.587624381,360.238839
19.947859975,199.393929
20.147251166,20.614998
20.167864787,169.512336
20.33737434,279.518035
20.616889435,181.985615
20.798873003,20.16932
20.819040949,173.002674
20.992039867,252.705049
21.244735676,159.889451
21.404621305,20.936283
21.42555486,395.672676
21.821224101,170.672325
21.991894366,98.360994
22.09024744,293.244381
22.383488263,161.181042
22.544667497,141.021964
22.685687625,242.983327
22.928663898,269.602286
23.198264002,215.435531
23.413691754,180.658519
23.594348304,270.87789
23.865223505,136.983883
24.002205904,100.690951
24.102895131,211.271214
24.314156271,179.821826
24.493974681,83.106919
24.577079879,206.557663
24.783634887,162.635224
24.946267674,309.637161
25.255901243,229.07577
25.484974096,171.460026
25.6564316,308.156117
25.964584812,308.329766
26.272911697,250.255163
26.52315005,230.085561
26.753232933,295.581501
27.048811362,273.586023
27.322394537,297.878694
27.620271222,227.832997
27.848096924,360.333512
28.208426663,341.875462
28.550298859,265.581849
28.815877609,221.394619
29.037269682,136.591004
29.173853876,227.931595
29.401782517,174.394205
29.576169132,172.932928
29.74909688,234.14189
29.983231155,170.684514
30.15391325,165.288604
30.319194395,165.658722
30.484851324,210.311984
30.695161555,166.21776
30.86137766,156.771817
31.01814771,202.766728
31.220902494,205.795854
31.426695531,152.587025
31.579279619,293.503365
31.87277939,180.151811
32.052928393,257.601764
32.310527048,195.918908
32.506440858,174.477647
32.680915413,254.870397
32.935775802,146.034168
33.081807197,158.795302
33.240599673,153.071559
33.393667996,147.429749
33.541095025,149.84231
33.69092804,104.799653
33.795720197,151.069099
33.946787315,158.425259
34.105198923,92.628385
34.197820675,129.136743
34.326949671,130.047885
34.456994547,191.612085
34.648599036,137.07591
34.785672596,117.166549
34.90283312,137.342077
35.040171323,137.519073
35.177683038,162.784303
35.340464958,293.053818
35.633514231,353.207739
35.986717754,236.217904
36.222931813,213.840452
36.436769382,245.328932
36.68209629,213.281786
36.895376484,224.296259
37.119665131,180.833256
37.300491199,174.616922
37.475106593,171.124893
37.646229397,159.760566
37.805988153,164.503019
37.970486174,115.085839
38.085569038,130.417938
38.215984174,149.852909
38.365826661,124.287426
38.490105014,131.857479
38.621960654,122.498528
38.744457067,125.929066
38.870383511,134.601131
39.004981533,137.096893
39.142075499,82.462376
39.224535985,143.230705
39.367764503,148.590086
39.516352468,101.16878
39.617519203,121.768226
39.739284383,100.729624
39.84001227,131.425886
39.971436522,112.539641
40.083973686,91.308119
40.175280258,181.344566
40.356615994,273.276925
40.629889927,171.837015
40.801724832,210.867307
41.012589436,193.018317
41.205605247,158.797362
41.364399436,165.09029
41.529487422,288.875427
41.818360002,225.00142
42.04335924,262.843681
42.306198935,126.483406
42.432678442,152.941268
42.585616834,180.355632
42.765969881,191.14032
42.957107975,156.580075
43.11368516,158.009033
43.271691048,152.139597
43.423828786,153.2957
43.577122716,157.303802
43.734424403,300.750609
44.035164394,199.598313
44.234760592,194.610214
44.429368982,156.492818
44.585854489,189.117206
44.774969991,290.000467
45.064968667,153.541899
45.218507256,160.882812
45.379386704,196.135035
45.575518727,215.105441
45.790621118,193.175326
45.983793734,159.340697
46.143127522,164.769469
46.307894733,158.583431
46.466475342,105.50227
46.571969198,147.484421
46.719445528,169.579129
46.889021644,87.758265
46.976776712,155.619355
47.132394152,168.608325
47.300999598,92.219836
47.393217663,237.934442
47.631148979,165.945964
47.797092567,156.7679
47.95385345,151.414231
48.105265162,131.393166
48.236655169,163.949556
48.400602171,120.19602
48.52079558,127.134296
48.647927602,107.493197
48.755419066,124.859321
48.880275983,112.91349
48.993187323,159.459057
49.152643796,153.888633
49.306516696,157.188218
49.46369637,161.621291
49.625314826,120.8666
49.746173989,126.931895
49.873100867,150.044257
50.023143472,153.277659
50.176419192,106.858648
50.283275501,86.39589
50.369669172,132.818749
50.502474382,94.694313
50.597167149,110.88096
50.708046563,102.503619
50.810548096,151.771023
50.962317729,103.113039
51.065428801,96.020215
51.161447544,97.876652
51.259322696,133.334944
51.39265636,55.89137
51.448541593,94.360563
51.542900656,98.515132
51.641414364,105.156144
51.746564633,103.137766
51.849701042,108.843686
51.958543255,89.994352
52.048536101,128.042325
52.176577154,112.803525
52.289374324,69.951309
52.35932272,107.285409
52.466606156,72.202922
52.53880596,115.313694
52.654112594,100.840893
52.754951163,87.502613
52.842447361,101.119178
52.943564504,154.242637
53.097804496,46.012785
53.143815794,93.475108
53.237288965,107.03108
53.344317596,100.250138
53.444566138,109.49806
53.55406199,101.236006
53.655296017,115.987944
53.771281753,109.07945
53.880359533,120.716746
54.001073241,97.736312
54.098806892,109.096835
54.207895142,134.910003
54.342801756,104.836603
54.4476359,75.688252
54.523322316,180.158233
54.703478388,58.911933
54.762388737,128.419806
54.890806212,104.357648
54.995161154,53.334506
55.048494322,137.81918
55.186311106,114.244513
55.300553816,58.003428
55.358555836,146.110077
55.504663788,125.391179
55.630048562,64.852278
55.694899351,40.089724
55.734981424,133.142799
55.868122415,130.213653
55.998332873,16.864812
56.015195587,65.923567
56.081113253,160.594282
56.24170319,32.067159
56.273768366,159.379491
56.433145068,9.947649
56.443091437,79.119615
56.522208675,182.643756
56.704849674,32.36993
56.73721776,195.491895
56.932706159,7.093611
56.939798459,19.228231
56.959025457,91.903875
57.050927702,55.536741
57.106463008,177.708192
57.284166353,35.877293
57.320037773,13.068871
57.33310527,235.20487
57.568305733,27.284066
57.595583354,6.365014
57.601947089,115.380481
57.717325607,3.264676
57.720588725,295.166439
58.015746852,3.718121
58.019463688,48.836715
58.068293362,18.862748
58.087154453,306.690148
58.393842582,4.024851
58.397866117,13.444985
58.411309748,27.387689
58.438696109,129.589036
58.568277059,0.427338
58.56870299,6.255185
58.574956861,65.847922
58.640800848,235.510888
58.876310017,7.018807
58.883327546,550.386841
59.433710833,5.566607
59.439276051,9.622824
59.448897404,278.508553
59.727402342,328.37495
60.055773884,5.291218
60.061063522,56.254815
60.117315998,4.831245
60.122138627,148.268605
60.270405486,6.581171
60.276985218,315.356447
60.592337982,10.345104
60.602681642,56.812859
60.65949253,271.388679
60.930870418,3.955321
60.934824438,59.343243
60.994166278,10.027463
61.004187472,145.820909
61.149999926,4.402101
61.15440069,10.60705
61.165001685,287.192916
61.452171138,10.568053
61.462737891,305.143134
61.767878442,10.903361
61.778775736,6.969728
61.785744187,61.830498
61.847568627,6.511811
61.854079176,136.330686
61.990403683,6.469148
61.996871515,6.626281
62.003496487,251.761994
62.255249776,8.286537
62.263534982,8.357095
62.271890755,296.55079
62.568438497,10.172698
62.57860844,7.883892
62.586490992,59.426356
62.645915309,6.527425
62.652441425,134.821277
62.787260403,9.700753
62.796959865,6.417819
62.803376402,9.76937
62.813144492,253.564798
63.066700501,10.580703
63.077279908,133.097578
63.210375214,186.668091
63.397040315,7.287061
63.40432601,6.551634
63.410876236,75.069971
63.485944571,6.974279
63.492912452,143.524345
63.636430156,7.442939
63.643867059,7.310613
63.651176384,10.206176
63.661381314,259.126914
63.920505272,13.885306
63.934388716,103.742984
64.038125261,222.514083
64.260636509,13.105954
64.273741038,6.625904
64.28036568,222.584495
64.50294684,7.937674
64.510883106,274.595688
64.785476602,19.978308
64.805453565,306.314979
65.111766478,9.863056
65.121628245,9.720238
65.131346755,86.296978
65.217642211,92.826422
65.310466993,10.656665
65.321122356,235.38502
65.556505394,15.33912
65.57183855,86.675472
65.658512687,192.545472
65.851050727,8.63656
65.859686075,33.804324
65.893488767,137.432773
66.030920146,10.1645
66.041083347,9.483279
66.050565343,211.609376
66.262171092,12.999325
66.275169012,51.771264
66.326932863,244.554458
66.571484013,6.585398
66.578067963,9.793339
66.587859968,57.418105
66.645276378,120.615625
66.765889342,12.281623
66.77816439,6.400419
66.784558607,223.71872
67.008275111,19.574077
67.027847183,128.746785
67.156585283,181.589489
67.338158324,9.68689
67.347843857,42.123641
67.389960803,27.041814
67.417001094,127.395796
67.544394368,12.641221
67.557034314,9.872623
67.566905628,239.592371
67.80649532,15.680564
67.82217457,100.251857
67.922424898,225.552268
68.147974124,9.580274
68.15755308,43.853047
68.201404306,61.247253
68.262649503,97.892034
68.360539585,10.680502
68.371218797,7.710292
68.378927733,252.84729
68.631771747,19.586473
68.651356792,106.368513
68.757718407,241.599372
68.999315268,9.727243
69.009039568,9.867178
69.018905303,65.079851
69.083983085,140.876884
69.224857276,6.784665
69.231640075,9.593996
69.24123202,249.046593
69.490274722,13.397522
69.503670803,53.796297
69.557465691,277.497785
69.834955364,10.584132
69.845538212,13.233526
69.858765834,69.609668
69.928369069,142.881646
70.071243868,8.17574
70.079413658,7.24765
70.086659297,64.374252
70.151031546,217.750462
70.368779385,21.144019
70.389921863,100.73123
70.490651242,210.968763
70.701616894,6.881945
70.708497435,42.5713
70.751062712,102.806642
70.853867745,57.108425
70.910974777,12.862397
70.923831257,8.157367
70.931982769,238.794265
71.170758518,16.688256
71.187444042,46.589513
71.234031796,222.413451
71.456441745,17.429647
71.473870084,10.665629
71.484534412,56.794288
71.541327397,110.879035
71.652204921,6.73219
71.658935841,9.775339
71.668709881,14.491266
71.683195498,220.240553
71.903434176,19.338503
71.92277131,74.186826
71.99695692,213.362591
72.210317481,17.138661
72.227454586,10.775714
72.238228781,39.060603
72.277287955,92.81924
72.370105693,52.612272
72.422716267,9.973712
72.432688712,12.735378
72.445422799,167.624988
72.613045913,76.166337
72.689210457,23.109319
72.712318377,159.600922
72.871917206,132.754064
73.004669775,13.729304
73.01839776,10.541854
73.028933776,63.947255
73.092870466,74.438708
73.167304519,53.237654
73.220539804,10.547295
73.231085783,10.21004
73.241294126,63.728093
73.305020622,200.467035
73.505475282,23.091525
73.528565131,47.800082
73.576362132,145.002172
73.721362236,143.957133
73.865315268,11.109391
73.876423399,9.668349
73.886089655,36.577616
73.922665925,116.054825
74.038712207,52.150413
74.090860961,6.511228
74.097370799,13.061488
74.11043095,7.037883
74.117458755,59.769763
74.177226956,203.202806
74.380426723,65.649605
74.446074516,281.738869
74.727810058,65.797725
74.793605779,124.957378
74.918561032,53.210765
74.971770321,14.535734
74.986304725,13.147489
74.999450834,211.396193
75.210843455,33.869597
75.244711486,129.684869
75.374394132,157.16811
75.531560072,14.052388
75.545611033,100.622145
75.646231343,102.728862
75.748957906,19.756796
75.768713342,9.773501
75.778485553,103.598916
75.882076755,120.905598
76.002980256,29.628595
76.03260745,158.380449
76.190978806,128.612215
76.319581849,10.169618
76.329750094,64.059079
76.393807366,117.180839
76.510985833,19.349226
76.530328805,13.435546
76.543763002,9.663488
76.553425188,93.638469
76.647062041,124.056096
76.771115051,26.399229
76.797512722,158.531435
76.956041738,124.364292
77.080398112,7.592101
77.087988574,39.219233
77.127206435,102.127864
77.22933208,57.762522
77.28709215,24.501648
77.31159245,7.331014
77.318917304,6.45385
77.325369832,145.230191
77.470597448,84.822715
77.555417911,29.771517
77.585185412,175.393297
77.760574938,122.690514
77.883263362,16.439031
77.899701084,38.896219
77.938591138,37.401318
77.975986605,131.077145
78.107044697,16.430727
78.123474206,14.753671
78.138218953,9.521296
78.147734242,13.370551
78.161103537,171.833122
78.332933437,74.357602
78.407281215,26.681883
78.433961734,177.314528
78.611274535,153.167398
78.764439879,66.471174
78.830909653,153.465
78.984368191,21.003885
79.005370775,67.346217
79.072715204,188.376207
79.261089695,24.163118
79.285251514,136.751206
79.422001023,183.233156
79.605232428,13.004638
79.618235707,147.000729
79.765234322,68.444327
79.833677222,13.666587
79.847342471,145.767655
79.993108418,84.254117
80.077360335,26.632687
80.103991443,138.935051
80.242924708,136.440503
80.379355268,56.995467
80.436348969,132.010881
80.568355663,17.215904
80.585570014,11.939457
80.59750819,145.04561
80.742545397,79.568189
80.822105005,23.676692
80.845780363,119.529424
80.965307869,173.541325
81.13884634,10.231296
81.149076337,82.461937
81.231529567,128.96924
81.360495783,7.199618
81.367693812,19.753253
81.387439899,155.592183
81.543029489,94.664671
81.63769135,43.681919
81.68137191,152.743237
81.834101942,172.062817
82.00616275,10.516925
82.016677647,244.203376
82.260878135,13.80064
82.274677478,558.765315
82.833439841,27.759234
82.861197647,68.881596
82.930077288,123.766707
83.053840247,13.90347
83.067741378,222.594542
83.290332663,73.304517
83.363635136,182.927646
83.569530055,64.485897
83.634013378,114.366641
83.748377468,19.868333
83.768244063,111.874652
83.880115723,116.901183
83.997015053,129.691696
84.126694389,139.384157
84.266069387,13.21646
84.279278764,62.971283
84.342248123,138.70115
84.480946757,9.510697
84.490456109,129.501071
84.619955032,159.801054
84.779752693,89.265127
84.869016217,155.883653
85.024896517,16.143784
85.041038835,67.981316
85.109018586,144.566572
85.253583088,10.50884
85.26409052,128.567177
85.39265547,177.12056
85.56977237,99.966874
85.669737725,164.281667
85.8340156,13.157254
85.84717128,62.484262
85.909653923,144.106083
86.053758451,33.41828
86.08717496,82.523442
86.16969704,194.336241
86.364031309,120.750874
86.484780637,94.836841
86.579616001,116.414748
86.6960289,55.230533
86.751252982,26.031573
86.777283102,168.962013
86.946243687,6.797576
86.953039875,203.620841
87.156658668,215.543596
87.372200343,178.518707
87.550715759,74.17858
87.624892877,176.967595
87.801845922,143.115759
87.944958919,194.283268
88.139238863,135.888304
88.275124108,114.903156
88.390024696,99.789949
88.48981258,95.988677
88.585790469,127.881909
88.713669747,112.06768
88.82573531,115.531761
88.941265221,155.704542
89.096967149,67.082638
89.164048334,119.340462
89.28338614,81.780981
89.365165034,118.008932
89.48316531,168.513007
89.651675654,42.317924
89.693991697,166.522462
89.860510691,66.776603
89.927285575,114.763611
90.042046708,39.283188
90.081328001,151.399148
90.232710636,127.031519
90.359734562,146.112426
90.505839916,71.159371
90.576996558,130.836502
90.707824243,79.05119
90.786873831,208.564556
90.995435748,378.998408
91.374430952,201.778118
91.576198896,88.976979
91.665173131,107.014039
91.772184707,171.970742
91.94415034,222.223454
92.16637071,146.92734
92.313295756,75.6946
92.388988329,112.469303
92.501455941,262.509972
92.763955336,247.724814
93.01167127,78.196167
93.089859435,102.502583
93.192360436,292.694228
93.485052484,229.947912
93.71499234,80.998788
93.795984071,108.684381
93.904666583,313.83849
94.218503149,240.956395
94.459448468,94.139905
94.553586851,221.024263
94.774607403,375.504144
95.150107436,198.610249
95.348714723,217.294111
95.566006334,370.572792
95.936575732,213.106197
96.149679438,208.2801
96.357957527,265.263943
96.623218675,320.656646
96.943871595,121.590636
97.065459868,205.98053
97.271437217,365.567476
97.637000775,228.341853
97.865332311,220.882596
98.086210746,529.575009
98.615782014,166.851815
98.782623879,389.994065
99.172614848,241.400161
99.414012532,131.751046
99.54575538,348.344823
99.894096477,252.505449
100.14659953,102.421221
100.249018263,224.09185
100.473108082,402.883091
100.875988919,198.153454
101.074134543,193.338256
101.267467717,366.597653
101.634061284,206.069866
101.840128056,146.364062
101.98648882,553.560393
102.540045702,218.801841
102.75883834,213.910386
102.972745986,483.038506
103.455781243,126.25679
103.582024964,391.330942
103.973352537,294.130024
104.267479395,169.268479
104.436744871,384.327123
104.821068582,323.480385
105.144544684,262.72025
105.407261211,618.382494
106.025640451,149.641021
106.175278563,470.67573
106.645951051,201.332911
106.847280015,340.239148
107.187516899,267.568737
107.455077615,102.651885
107.557728178,432.402561
107.990123725,254.575161
108.244696729,117.232451
108.361927686,375.588667
108.737512127,217.585659
108.955094517,177.130978
109.132221625,359.729283
109.491947615,215.256993
109.707194866,211.218102
109.918405155,458.448426
110.376843871,107.964595
110.484799919,218.464821
110.703262404,458.306498
111.161565495,256.011953
111.417574176,555.728102
111.973298832,180.639067
112.153935075,545.542034
112.699473788,233.489212
112.932960272,203.955909
113.136912477,513.442394
113.650349955,154.317772
113.804659557,291.687206
