0.33042964,0.0047
0.427542874,0.003218
0.726409472,0.018165
0.786436275,0.017629
0.843325477,0.002989
1.130346605,0.022203
1.239556439,0.015948
1.527165306,0.002935
1.594474682,0.015229
1.851324729,0.014984
2.008424064,0.004429
2.072313348,0.002632
2.393391661,0.012696
2.455556353,0.003564
2.526472854,0.002641
2.875464517,0.011497
2.979326098,0.003238
3.05143299,0.016949
3.36638934,0.004241
3.478404912,0.014114
3.5503295,0.016384
3.877315776,0.013013
3.942400075,0.015225
4.025422967,0.010995
4.445221347,0.004417
4.511510211,0.01165
4.60937154,0.00398
4.910282362,0.019701
5.101371727,0.013496
5.179153262,0.002858
5.275346024,0.003092
5.305266567,0.00339
5.889234168,0.004005
5.911221747,0.002792
6.014477676,0.002665
6.024277906,0.003551
6.165161057,0.004181
6.257290271,0.025786
6.533338049,0.005171
6.769200991,0.004521
6.775257715,0.002859
6.90328944,0.003266
6.904401001,0.003304
7.031311423,0.003605
7.03736046,0.002714
7.393187953,0.003982
7.399476402,0.002901
7.60715771,0.004023
8.226324096,0.003254
8.453215785,0.018122
8.464314269,0.002824
8.472379014,0.012983
8.698253875,0.015303
8.710290995,0.01677
9.056328383,0.003379
9.315339839,0.012968
9.328281776,0.003579
9.33729892,0.016615
9.565224072,0.014469
9.570347594,0.00286
9.948467634,0.003579
9.956275613,0.002752
10.202567543,0.004259
10.218391223,0.002494
10.227441498,0.002684
10.448545905,0.004157
10.786378456,0.002447
10.997398074,0.014962
11.008521824,0.016355
11.01636034,0.002559
11.201403154,0.003235
11.514588993,0.020938
11.725359673,0.004625
11.741249495,0.002623
11.751613954,0.011155
11.93546664,0.009937
12.266506638,0.0037
12.487539837,0.017557
12.504438717,0.002727
12.51148017,0.002461
12.709346826,0.004055
12.716362128,0.002893
13.071451836,0.003894
13.304558111,0.003637
13.319310741,0.003087
13.326539571,0.002564
13.518375355,0.004423
13.526392829,0.011797
13.87342078,0.003939
14.102610305,0.00991
14.116572891,0.002605
14.123500412,0.002564
14.210550887,0.002848
14.314623083,0.012556
14.634459474,0.004139
14.857541466,0.004953
14.871708459,0.004426
14.879452924,0.011882
14.964621298,0.013147
15.06770219,0.004119
15.375463483,0.003729
15.585523008,0.003765
15.601392553,0.002874
15.608610563,0.003396
15.657303382,0.002692
15.801575147,0.003595
16.143397406,0.019035
16.389704716,0.015505
16.40659602,0.003734
16.414609051,0.015921
16.47059065,0.003689
16.636665205,0.004567
16.986442039,0.005051
16.995384059,0.016451
17.229281895,0.007152
17.247324074,0.006491
17.255305742,0.01625
17.431320039,0.003923
17.46731148,0.002466
17.792429064,0.004023
17.802368352,0.003356
18.040382268,0.003133
18.200672272,0.004523
18.26953824,0.003049
18.545388109,0.004242
18.774431216,0.014077
18.785339195,0.002462
18.998687071,0.002921
19.448402848,0.004362
19.469442642,0.003541
19.647636929,0.003534
19.946745292,0.003911
20.157394433,0.015051
20.26670046,0.003764
20.607398836,0.004923
20.790676398,0.004525
20.810664759,0.002541
20.982718825,0.01359
21.237441257,0.003555
21.398703072,0.01221
21.41733219,0.002975
21.57966209,0.014409
21.824812781,0.018199
21.973354935,0.003502
21.99346268,0.003059
22.369365683,0.003906
22.5386566,0.005071
22.63339439,0.003997
22.916428274,0.003367
23.06158118,0.012807
23.189551164,0.003983
23.406791843,0.01313
23.656751355,0.015607
23.864568695,0.003512
24.029365985,0.004567
24.271569235,0.005208
24.396560301,0.003749
24.501476448,0.003278
24.689513885,0.004418
24.866470023,0.017642
24.939407265,0.003266
25.124445457,0.003433
25.287285224,0.002798
25.616484529,0.002988
25.819651409,0.00516
25.975641279,0.003229
26.31552439,0.012257
26.652461098,0.003001
26.931387895,0.004493
27.066568716,0.003113
27.346547486,0.015201
27.614448301,0.004784
27.903796517,0.003943
28.127436349,0.013885
28.426616736,0.013901
28.760557042,0.006689
29.015518693,0.004391
29.227495512,0.02096
29.355617846,0.018105
29.568877742,0.015859
29.742798129,0.021152
29.909553804,0.003102
30.145479401,0.005395
30.310623469,0.003491
30.479448193,0.012427
30.645343724,0.003054
30.854573706,0.003621
31.010590879,0.017938
31.164504637,0.003759
31.362504906,0.004018
31.572449296,0.003827
31.728500042,0.003599
32.021518806,0.00307
32.207489606,0.01414
32.457503204,0.00345
32.657429481,0.008922
32.832601303,0.004195
33.074488098,0.004322
33.226460656,0.013281
33.388485066,0.003183
33.541421534,0.004128
33.683463584,0.003
33.830533518,0.003943
33.94039493,0.003221
34.100551617,0.003488
34.26342982,0.00536
34.364588809,0.003658
34.510489414,0.004846
34.64860297,0.01863
34.840571641,0.004808
34.974640005,0.014492
35.090625093,0.003927
35.233528292,0.018806
35.357482403,0.013142
35.519445691,0.003285
35.814592761,0.013321
36.162491315,0.004452
36.396643354,0.004091
36.613481122,0.003298
36.855517261,0.003964
37.070623598,0.005597
37.291583776,0.018892
37.468499067,0.004428
37.639516999,0.003923
37.803529237,0.004262
37.963639077,0.012779
38.122543649,0.019182
38.237515323,0.002865
38.373542611,0.003969
38.526665075,0.023385
38.653724443,0.017102
38.785559156,0.002967
38.911630023,0.004922
39.039684796,0.012951
39.176778033,0.003989
39.323718366,0.00553
39.400779158,0.00352
39.546687628,0.002809
39.696872261,0.020559
39.799782095,0.017574
39.922579146,0.003476
40.014713261,0.009949
40.153625402,0.005518
40.260614945,0.002728
40.349433162,0.004521
40.529568898,0.003323
40.792574363,0.002881
40.968583706,0.013768
41.200576258,0.002972
41.357634517,0.004029
41.522577578,0.023016
41.680685826,0.005472
41.963652708,0.022605
42.193638346,0.003476
42.427576943,0.020264
42.578645446,0.012044
42.729457656,0.005087
42.913674657,0.012872
43.106591229,0.005664
43.266645883,0.013991
43.423657587,0.003366
43.57259518,0.002665
43.721528875,0.003226
43.877520215,0.002616
44.186609975,0.012994
44.382589422,0.003533
44.578650863,0.013619
44.734599256,0.004846
44.913672142,0.003471
45.210674198,0.015509
45.373486281,0.003582
45.531701538,0.003113
45.721688249,0.004008
45.928854272,0.003441
46.133714159,0.003631
46.300902987,0.003758
46.461704341,0.002992
46.640898618,0.019403
46.728955618,0.019974
46.880849036,0.004233
47.042881098,0.00439
47.137855771,0.00298
47.293852566,0.00266
47.456931343,0.003761
47.550936922,0.003463
47.788874317,0.003116
47.945815515,0.003253
48.099717165,0.003643
48.265010025,0.0128
48.397792432,0.00323
48.558637642,0.005467
48.671718333,0.012904
48.801617277,0.004049
48.913739641,0.014021
49.030994132,0.003056
49.147644249,0.002722
49.299784654,0.016488
49.4568645,0.015186
49.618874634,0.002769
49.769770121,0.002966
49.893705313,0.003986
50.019763509,0.00331
50.176889101,0.002872
50.329651613,0.003382
50.431681712,0.003499
50.521003602,0.002568
50.646743366,0.002873
50.741844049,0.003094
50.858649219,0.002975
50.966703845,0.00304
51.103708417,0.004644
51.201556226,0.004578
51.300834448,0.012723
51.394934346,0.002872
51.526853964,0.003489
51.586875323,0.002767
51.68570951,0.002987
51.793692212,0.002831
51.899755814,0.003114
52.007769446,0.004477
52.125028703,0.012946
52.211754947,0.003715
52.343710797,0.00349
52.457857524,0.013168
52.529920175,0.011129
52.639070542,0.016356
52.71477767,0.00251
52.830913499,0.003121
52.937859331,0.003246
53.029738394,0.002659
53.136952373,0.011938
53.291815841,0.003769
53.33976423,0.011395
53.437705113,0.004022
53.549803551,0.014671
53.64962099,0.003049
53.766787385,0.017073
53.871760063,0.003103
53.995748505,0.003273
54.10378909,0.012492
54.233060175,0.013653
54.335758655,0.00347
54.448950748,0.004406
54.589887459,0.003747
54.701861588,0.014724
54.783767709,0.002866
54.984000336,0.017609
55.041821821,0.003289
55.179080418,0.003975
55.292922608,0.014706
55.352989372,0.011557
55.499748169,0.00384
55.624993734,0.013793
55.692934697,0.006574
55.855009432,0.014827
55.991791807,0.003482
56.069089813,0.003387
56.111045636,0.003261
56.263072272,0.013477
56.419886795,0.003856
56.437756351,0.00232
56.51785616,0.011854
56.70176292,0.002831
56.741842335,0.002853
56.933685264,0.003274
56.953078102,0.002464
57.04700568,0.011528
57.275072499,0.013085
57.313096965,0.004782
57.557830696,0.00354
57.570737441,0.002879
57.593750729,0.002552
57.711910117,0.00275
57.783768397,0.00327
58.013822632,0.012223
58.061722996,0.002497
58.081002284,0.01132
58.39188678,0.003543
58.429667936,0.002509
58.437786136,0.002571
58.563827321,0.003298
58.57183177,0.002976
58.869807816,0.004079
58.877777617,0.002565
59.240790969,0.00478
59.241962921,0.002614
59.245096887,0.002881
59.251779526,0.002346
59.297889475,0.003282
59.302983853,0.002767
59.419778795,0.003393
59.426801716,0.002656
59.435152725,0.002472
59.705007263,0.017223
59.707916313,0.012693
59.71704766,0.002322
60.261027258,0.002897
60.268980708,0.005357
60.276782588,0.002622
60.605007211,0.012844
60.919790518,0.004164
60.929005108,0.002966
60.987071283,0.014885
60.995048235,0.002937
61.143048847,0.002536
61.151888624,0.002397
61.439069604,0.006089
61.447732639,0.002874
61.498925943,0.007894
61.77099015,0.00328
61.778021492,0.012275
61.841009681,0.016917
61.849156408,0.01454
61.985179828,0.003523
61.991805253,0.004058
61.999654881,0.003553
62.251140139,0.004377
62.26383882,0.003176
62.559073198,0.006216
62.569811271,0.004541
62.577233319,0.013367
62.639109154,0.002851
62.647110011,0.002799
62.781746261,0.003679
62.789745139,0.002895
62.799008673,0.009827
63.055075278,0.004087
63.067156238,0.002486
63.075888363,0.002946
63.38373757,0.00337
63.395913991,0.002711
63.40390916,0.002445
63.475162729,0.011327
63.481809683,0.002447
63.627929726,0.003713
63.635903428,0.002297
63.645136739,0.002596
63.655017961,0.012364
63.91486099,0.013662
63.929837705,0.002607
64.071014893,0.003934
64.255935558,0.012397
64.26599493,0.010859
64.275004989,0.011966
64.347167437,0.002841
64.475909781,0.004087
64.48396968,0.002646
64.491960781,0.002356
64.501169241,0.011647
64.509172668,0.010881
64.778868574,0.003576
64.795085298,0.002657
64.897102294,0.003112
65.103106333,0.003377
65.115963381,0.013382
65.124854393,0.00416
65.307877617,0.003898
65.315909434,0.002676
65.55389256,0.003006
65.569150369,0.01188
65.83989057,0.00438
65.84913746,0.003634
65.858054841,0.01061
65.943703417,0.003142
66.031783616,0.002492
66.041092852,0.002563
66.255904241,0.003884
66.273043032,0.003072
66.361916207,0.0043
66.565093819,0.003698
66.575192165,0.014242
66.612000148,0.002551
66.755066552,0.004667
66.763122762,0.002233
66.773820164,0.002448
66.997909121,0.003734
67.011210879,0.014218
67.068007231,0.003114
67.329013058,0.003145
67.337836095,0.002881
67.347954904,0.002533
67.411919258,0.002696
67.539821732,0.00269
67.549913494,0.002316
67.556946398,0.011364
67.795041642,0.003302
67.815968601,0.014675
67.949886538,0.003845
68.141939831,0.003665
68.151903906,0.003242
68.19383819,0.003026
68.225887874,0.003243
68.357157358,0.003085
68.36590383,0.00278
68.375906124,0.003093
68.629834605,0.003957
68.649234287,0.012568
68.755902641,0.00294
68.995960988,0.012624
69.005104621,0.002553
69.049915536,0.002924
69.111183352,0.003357
69.217929605,0.003671
69.227241023,0.010886
69.235771099,0.002877
69.483948167,0.003384
69.505936168,0.004076
69.595734283,0.004202
69.831980124,0.004144
69.841986008,0.011797
69.853937911,0.004789
69.921909921,0.002502
70.065179399,0.012058
70.075955454,0.011596
70.08393959,0.003232
70.351961511,0.004515
70.371092586,0.012705
70.41502644,0.004388
70.683779479,0.004139
70.697179322,0.012741
70.707895679,0.013841
70.774016867,0.017226
70.89799481,0.004243
70.907834324,0.003509
70.917988721,0.002647
70.981250995,0.016159
71.169958006,0.013026
71.189957904,0.011629
71.291872533,0.003716
71.464025057,0.011753
71.471830133,0.00267
71.510996108,0.003301
71.597812975,0.003565
71.651086527,0.002611
71.661145662,0.003476
71.671965551,0.004283
71.893152137,0.013147
71.913151964,0.002547
71.958820818,0.0131
72.205971791,0.005987
72.219997663,0.002729
72.231962779,0.003486
72.292985646,0.003616
72.409200836,0.022552
72.419108834,0.011176
72.429009206,0.013443
72.442967374,0.014988
72.675175316,0.013767
72.691935945,0.011812
72.773063428,0.012283
72.992009755,0.003844
73.005988662,0.003043
73.019799236,0.003977
73.058927388,0.013004
73.161987338,0.003346
73.215070877,0.014722
73.227167878,0.011102
73.237994629,0.003488
73.423228691,0.016512
73.507109691,0.015635
73.532017217,0.003717
73.713150661,0.003454
73.859160455,0.015604
73.86884353,0.003466
73.882006403,0.005421
73.947210231,0.012375
74.039072172,0.012427
74.089997377,0.002562
74.102027082,0.014052
74.109004508,0.014176
74.171159014,0.014088
74.365142511,0.01251
74.389844193,0.002375
74.437180247,0.002548
74.587984876,0.003394
74.732044265,0.003063
74.733092635,0.002786
74.745101678,0.01422
74.786037332,0.002599
74.90204608,0.00339
74.953908598,0.002793
74.963012922,0.002537
74.978088629,0.004419
74.986103298,0.002437
75.083882428,0.003614
75.212074971,0.002833
75.267193783,0.003049
75.513948572,0.003722
75.579847902,0.003761
75.694123973,0.013124
75.752019611,0.002855
75.76693273,0.002625
75.779181222,0.002674
75.995189264,0.003059
76.02608289,0.002587
76.149920762,0.004151
76.312107347,0.004502
76.325934545,0.021697
76.421908708,0.00439
76.513077608,0.004025
76.534086565,0.012941
76.541047323,0.004678
76.638966034,0.003177
76.761215053,0.003538
76.789778507,0.003651
76.949818402,0.005684
77.073932638,0.003344
77.086143097,0.00352
77.151208196,0.002698
77.273178421,0.003108
77.290996389,0.002343
77.309205627,0.011303
77.319295358,0.014423
77.421929151,0.002625
77.548918002,0.003966
77.577908126,0.002425
77.75508962,0.003247
77.885169151,0.01686
77.896111791,0.003342
77.935091444,0.003439
78.04717862,0.005203
78.10898596,0.002662
78.130929637,0.003255
78.138862584,0.002676
78.148108403,0.002496
78.306961714,0.003852
78.399916448,0.011611
78.428089398,0.00269
78.60410354,0.004113
78.741865468,0.003622
78.756994151,0.002926
78.795075283,0.002891
78.823889168,0.002391
78.96719102,0.003317
78.986046796,0.002388
78.990903609,0.003853
78.999228223,0.002813
79.018100146,0.003276
79.17217185,0.003117
79.255957166,0.012886
79.287048444,0.002452
79.452166297,0.003455
79.607239299,0.013773
79.670080445,0.00319
79.81815881,0.003552
79.833987275,0.002625
79.899216484,0.008372
80.067301676,0.007505
80.089168231,0.003204
80.208133168,0.00466
80.368038902,0.003735
80.379253894,0.013031
80.511175716,0.012651
80.57590395,0.002905
80.592928776,0.002683
80.729125838,0.003284
80.815913143,0.012025
80.843195541,0.01139
80.988906076,0.003762
81.135908469,0.002333
81.193995593,0.01612
81.343918573,0.003887
81.35905629,0.012439
81.376984873,0.011955
81.535855151,0.00323
81.631866952,0.00284
81.671967393,0.002669
81.797238096,0.012935
81.9999232,0.003632
82.014283634,0.01217
82.086005846,0.003166
82.254179943,0.003154
82.263930358,0.002561
82.314227578,0.013679
82.433240072,0.013756
82.538017934,0.002938
82.554110961,0.0127
82.695058036,0.013417
82.845985028,0.003204
82.860120163,0.002794
83.05515254,0.002853
83.065923581,0.002499
83.551057491,0.013651
83.567163617,0.009462
83.629896831,0.003312
83.749054481,0.014278
83.763004603,0.014886
83.975020746,0.004496
84.048287193,0.002816
84.240037854,0.016689
84.266258572,0.002661
84.322209318,0.003582
84.459944401,0.003468
84.481114813,0.012981
84.603311278,0.016683
84.728210469,0.002993
84.865034976,0.013134
85.021032812,0.004177
85.034267528,0.015155
85.103032223,0.003279
85.251046115,0.003536
85.260153681,0.002816
85.399913903,0.002806
85.572967497,0.002966
85.666294388,0.0027
85.832160607,0.003479
85.845935174,0.003654
85.915045922,0.002685
86.071909772,0.005544
86.084161178,0.002521
86.218209563,0.004101
86.402860199,0.003475
86.511006619,0.003647
86.68206256,0.00295
86.696028816,0.002564
86.759083883,0.002772
86.907872225,0.003153
86.944313523,0.002399
87.031140002,0.003169
87.233170607,0.004584
87.334255252,0.00377
87.4270994,0.002999
87.547895768,0.003258
87.604256959,0.002826
87.667930642,0.013935
87.791234828,0.002853
87.799176437,0.011803
87.999064033,0.004759
88.207964522,0.002781
88.375001964,0.00319
88.443000694,0.002431
88.579026078,0.002614
88.69809504,0.002593
88.860063425,0.003493
88.989159148,0.005325
89.099150366,0.011383
89.197026597,0.003083
89.299061279,0.003095
89.436298316,0.012578
89.556265498,0.003725
89.687088787,0.012338
89.853116669,0.012158
89.922121399,0.016692
90.050133946,0.003016
90.142267381,0.013291
90.270306101,0.017006
90.456185583,0.004273
90.504199218,0.002449
90.692973558,0.01315
90.774199692,0.004963
90.887118647,0.014296
90.92225982,0.003588
91.098162824,0.013511
91.215070871,0.014265
91.370080654,0.003034
91.553028969,0.003747
91.613127232,0.00385
91.658910731,0.00266
91.840968713,0.003399
92.159127054,0.018915
92.312220276,0.003374
92.389186589,0.012804
92.498144143,0.002589
92.66436643,0.003528
92.872041943,0.003187
93.00804203,0.002753
93.075178778,0.011782
93.185086591,0.003117
93.44514907,0.003334
93.705082454,0.003233
93.789209446,0.002837
93.89913147,0.004271
94.211277497,0.013967
94.460175526,0.003712
94.551201365,0.013029
94.66794022,0.00335
94.996272743,0.004315
95.240260069,0.003832
95.342293344,0.003264
95.56027071,0.017731
96.038300755,0.015651
96.146292942,0.002774
96.372299933,0.017743
96.762167988,0.016831
96.982973037,0.00344
97.197064414,0.003464
97.481182402,0.007129
97.807243806,0.015608
97.937191928,0.003694
98.130300547,0.004201
98.503192292,0.014111
98.70624996,0.003292
98.902359937,0.014041
99.357029386,0.003573
99.507254971,0.015372
99.890179213,0.004376
100.14308247,0.003395
100.277189314,0.003564
100.677229033,0.004443
100.95919947,0.003963
101.073186493,0.012457
101.311960776,0.003775
101.741147605,0.017516
101.9271218,0.005452
102.138181439,0.01415
102.473290221,0.003807
102.6623183,0.00338
102.789132193,0.003229
103.317189337,0.002881
103.536325527,0.003333
103.74836624,0.004159
104.260359492,0.016384
104.388294685,0.003034
104.815237167,0.015634
105.145246462,0.004666
105.301265247,0.003586
105.691270496,0.015681
106.018375183,0.004945
106.243214449,0.018812
106.741140425,0.004204
106.888029401,0.003632
107.347235109,0.004558
107.549202653,0.003769
107.881210587,0.004658
108.137291945,0.00371
108.242450523,0.016791
108.689266542,0.017605
108.948321706,0.004114
109.075320023,0.003711
109.466443012,0.003857
109.697268521,0.012994
109.881170908,0.003366
110.261249593,0.004224
110.478133882,0.003198
110.695304014,0.012529
111.158287626,0.00325
111.273202509,0.00309
111.499320831,0.013133
111.967299214,0.004094
112.228403708,0.004084
112.799300459,0.004032
112.994342348,0.00372
113.553175088,0.014876
113.796351089,0.003363
113.997218288,0.013596
