0.849030214,0.08
0.849030218,0.08
0.849030223,0.08
0.849030227,0.08
0.849030232,0.08
1.849030236,0.08
1.849030241,0.08
1.849030245,0.08
1.849030249,0.08
1.849030254,0.08
2.849030258,0.08
2.849030262,0.08
2.849030267,0.08
2.849030271,0.08
3.849030276,0.08
3.84903028,0.08
3.849030285,0.08
3.849030289,0.08
3.849030293,0.08
4.849030298,0.08
4.849030302,0.08
4.849030307,0.08
4.849030311,0.08
4.849030316,0.08
5.84903032,0.08
5.849030324,0.08
5.849030329,0.08
5.849030333,0.08
6.849030338,0.08
6.849030342,0.08
6.849030346,0.08
6.849030351,0.08
6.849030355,0.08
7.84903036,0.08
7.849030364,0.08
7.849030369,0.08
7.849030373,0.08
7.849030378,0.08
8.849030382,0.08
8.849030386,0.08
8.849030391,0.08
8.849030395,0.08
8.8490304,0.08
9.849030404,0.08
9.849030408,0.08
9.849030413,0.08
9.849030417,0.08
10.849030422,0.08
10.849030426,0.08
10.849030431,0.08
10.849030435,0.08
10.84903044,0.08
11.849030444,0.08
11.849030448,0.08
11.849030453,0.08
11.849030457,0.08
11.849030462,0.08
12.849030466,0.08
12.849030471,0.08
12.849030475,0.08
12.84903048,0.08
13.849030484,0.08
13.849030488,0.08
13.849030493,0.08
13.849030497,0.08
13.849030502,0.08
14.849030506,0.08
14.84903051,0.08
14.849030515,0.08
14.849030519,0.08
14.849030524,0.08
15.849030528,0.08
15.849030533,0.08
15.849030537,0.08
15.849030541,0.08
16.849030546,0.08
16.84903055,0.08
16.849030555,0.08
16.849030559,0.08
16.849030564,0.08
17.849030568,0.08
17.849030572,0.08
17.849030577,0.08
17.849030581,0.08
17.849030586,0.08
18.84903059,0.08
18.849030595,0.08
18.849030599,0.08
18.849030604,0.08
19.849030608,0.08
19.849030612,0.08
19.849030617,0.08
19.849030621,0.08
19.849030626,0.08
20.84903063,0.08
20.849030634,0.08
20.849030639,0.08
20.849030643,0.08
20.849030648,0.08
21.849030652,0.08
21.849030657,0.08
21.849030661,0.08
21.849030665,0.08
21.84903067,0.08
22.849030674,0.08
22.849030679,0.08
22.849030683,0.08
22.849030688,0.08
23.849030692,0.08
23.849030696,0.08
23.849030701,0.08
23.849030705,0.08
23.84903071,0.08
24.849030714,0.08
24.849030719,0.08
24.849030723,0.08
24.849030728,0.08
24.849030732,0.08
25.849030737,0.08
25.849030741,0.08
25.849030745,0.08
25.84903075,0.08
26.849030754,0.08
26.849030759,0.08
26.849030763,0.08
26.849030768,0.08
26.849030772,0.08
27.849030776,0.08
27.849030781,0.08
27.849030786,0.08
27.84903079,0.08
27.849030795,0.08
28.849030799,0.08
28.849030804,0.08
28.849030808,0.08
28.849030812,0.08
29.849030817,0.08
29.849030821,0.08
29.849030826,0.08
29.84903083,0.08
29.849030835,0.08
30.849030839,0.08
30.849030844,0.08
30.849030848,0.08
30.849030852,0.08
30.849030857,0.08
31.849030861,0.08
31.849030866,0.08
31.84903087,0.08
31.849030874,0.08
32.849030879,0.08
32.849030883,0.08
32.849030888,0.08
32.849030892,0.08
32.849030897,0.08
33.849030901,0.08
33.849030906,0.08
33.84903091,0.08
33.849030914,0.08
33.849030919,0.08
34.849030923,0.08
34.849030928,0.08
34.849030932,0.08
34.849030936,0.08
35.849030941,0.08
35.849030945,0.08
35.84903095,0.08
35.849030954,0.08
35.849030959,0.08
36.849030963,0.08
36.849030967,0.08
36.849030972,0.08
36.849030976,0.08
36.849030981,0.08
37.849030985,0.08
37.84903099,0.08
37.849030994,0.08
37.849030998,0.08
38.849031003,0.08
38.849031007,0.08
38.849031012,0.08
38.849031016,0.08
38.849031021,0.08
39.849031025,0.08
39.84903103,0.08
39.849031034,0.08
39.849031038,0.08
39.849031043,0.08
40.849031047,0.08
40.849031052,0.08
40.849031056,0.08
40.849031061,0.08
41.849031065,0.08
41.849031069,0.08
41.849031074,0.08
41.849031078,0.08
41.849031083,0.08
42.849031087,0.08
42.849031092,0.08
42.849031096,0.08
42.849031101,0.08
42.849031105,0.08
43.84903111,0.08
43.849031114,0.08
43.849031119,0.08
43.849031123,0.08
44.849031127,0.08
44.849031132,0.08
44.849031136,0.08
44.849031141,0.08
44.849031145,0.08
45.84903115,0.08
45.849031154,0.08
45.849031158,0.08
45.849031163,0.08
45.849031167,0.08
46.849031172,0.08
46.849031176,0.08
46.849031181,0.08
46.849031185,0.08
46.849031189,0.08
47.849031194,0.08
47.849031198,0.08
47.849031203,0.08
47.849031207,0.08
48.849031211,0.08
48.849031216,0.08
48.84903122,0.08
48.849031225,0.08
48.849031229,0.08
49.849031234,0.08
49.849031238,0.08
49.849031243,0.08
49.849031247,0.08
49.849031251,0.08
50.849031256,0.08
50.84903126,0.08
50.849031265,0.08
50.849031269,0.08
51.849031274,0.08
51.849031278,0.08
51.849031282,0.08
51.849031287,0.08
51.849031291,0.08
52.849031296,0.08
52.8490313,0.08
52.849031305,0.08
52.849031309,0.08
52.849031313,0.08
53.849031318,0.08
53.849031322,0.08
53.849031327,0.08
53.849031331,0.08
54.849031336,0.08
54.84903134,0.08
54.849031344,0.08
54.849031349,0.08
54.849031353,0.08
55.849031358,0.08
55.849031362,0.08
55.849031366,0.08
55.849031371,0.08
55.849031375,0.08
56.84903138,0.08
56.849031384,0.08
56.849031389,0.08
56.849031393,0.08
57.849031398,0.08
57.849031402,0.08
57.849031406,0.08
57.849031411,0.08
57.849031415,0.08
58.84903142,0.08
58.849031424,0.08
58.849031429,0.08
58.849031433,0.08
58.849031437,0.08
59.849031442,0.08
59.849031446,0.08
59.849031451,0.08
59.849031455,0.08
59.84903146,0.08
60.849031464,0.08
60.849031468,0.08
60.849031473,0.08
60.849031477,0.08
61.849031482,0.08
61.849031486,0.08
61.849031491,0.08
61.849031495,0.08
61.849031499,0.08
62.849031504,0.08
62.849031508,0.08
62.849031513,0.08
62.849031517,0.08
62.849031521,0.08
63.849031526,0.08
63.84903153,0.08
63.849031535,0.08
63.849031539,0.08
64.849031544,0.08
64.849031548,0.08
64.849031552,0.08
64.849031557,0.08
64.849031561,0.08
65.849031566,0.08
65.84903157,0.08
65.849031575,0.08
65.849031579,0.08
65.849031583,0.08
66.849031588,0.08
66.849031592,0.08
66.849031597,0.08
66.849031601,0.08
67.849031606,0.08
67.84903161,0.08
67.849031614,0.08
67.849031619,0.08
67.849031623,0.08
68.849031628,0.08
68.849031632,0.08
68.849031637,0.08
68.849031641,0.08
68.849031645,0.08
69.84903165,0.08
69.849031654,0.08
69.849031658,0.08
69.849031663,0.08
70.849031667,0.08
70.849031672,0.08
70.849031676,0.08
70.849031681,0.08
70.849031685,0.08
71.849031689,0.08
71.849031694,0.08
71.849031698,0.08
71.849031703,0.08
71.849031707,0.08
72.849031712,0.08
72.849031716,0.08
72.84903172,0.08
72.849031725,0.08
72.849031729,0.08
73.849031734,0.08
73.849031738,0.08
73.849031743,0.08
73.849031747,0.08
74.849031751,0.08
74.849031756,0.08
74.84903176,0.08
74.849031765,0.08
74.849031769,0.08
75.849031774,0.08
75.849031778,0.08
75.849031783,0.08
75.849031787,0.08
75.849031791,0.08
76.849031796,0.08
76.8490318,0.08
76.849031805,0.08
76.849031809,0.08
77.849031814,0.08
77.849031818,0.08
77.849031823,0.08
77.849031827,0.08
77.849031831,0.08
78.849031836,0.08
78.84903184,0.08
78.849031845,0.08
78.849031849,0.08
78.849031854,0.08
79.849031858,0.08
79.849031863,0.08
79.849031867,0.08
79.849031871,0.08
80.849031876,0.08
80.84903188,0.08
80.849031885,0.08
80.849031889,0.08
80.849031894,0.08
81.849031898,0.08
81.849031903,0.08
81.849031907,0.08
81.849031912,0.08
81.849031916,0.08
82.84903192,0.08
82.849031925,0.08
82.849031929,0.08
82.849031934,0.08
83.849031938,0.08
83.849031943,0.08
83.849031947,0.08
83.849031951,0.08
83.849031956,0.08
84.84903196,0.08
84.849031965,0.08
84.849031969,0.08
84.849031974,0.08
84.849031978,0.08
85.849031982,0.08
85.849031987,0.08
85.849031991,0.08
85.849031996,0.08
85.849032,0.08
86.849032005,0.08
86.849032009,0.08
86.849032013,0.08
86.849032018,0.08
87.849032022,0.08
87.849032027,0.08
87.849032031,0.08
87.849032036,0.08
87.84903204,0.08
88.849032044,0.08
88.849032049,0.08
88.849032053,0.08
88.849032058,0.08
88.849032062,0.08
89.849032067,0.08
89.849032071,0.08
89.849032075,0.08
89.84903208,0.08
90.849032084,0.08
90.849032089,0.08
90.849032093,0.08
90.849032097,0.08
90.849032102,0.08
91.849032106,0.08
91.849032111,0.08
91.849032115,0.08
91.84903212,0.08
91.849032124,0.08
92.849032128,0.08
92.849032133,0.08
92.849032137,0.08
92.849032142,0.08
93.849032146,0.08
93.849032151,0.08
93.849032155,0.08
93.849032159,0.08
93.849032164,0.08
94.849032168,0.08
94.849032173,0.08
94.849032177,0.08
94.849032182,0.08
94.849032186,0.08
95.849032191,0.08
95.849032195,0.08
95.849032199,0.08
95.849032204,0.08
96.849032208,0.08
96.849032213,0.08
96.849032217,0.08
96.849032222,0.08
96.849032226,0.08
97.84903223,0.08
97.849032235,0.08
97.849032239,0.08
97.849032244,0.08
97.849032248,0.08
98.849032253,0.08
98.849032257,0.08
98.849032261,0.08
98.849032266,0.08
99.84903227,0.08
99.849032275,0.08
99.849032279,0.08
99.849032284,0.08
99.849032288,0.08
100.849032292,0.08
100.849032297,0.08
100.849032301,0.08
100.849032306,0.08
100.84903231,0.08
101.849032315,0.08
101.849032319,0.08
101.849032323,0.08
101.849032328,0.08
101.849032332,0.08
102.849032337,0.08
102.849032341,0.08
102.849032346,0.08
102.84903235,0.08
103.849032355,0.08
103.849032359,0.08
103.849032363,0.08
103.849032368,0.08
103.849032372,0.08
104.849032376,0.08
104.849032381,0.08
104.849032385,0.08
104.84903239,0.08
104.849032394,0.08
105.849032399,0.08
105.849032403,0.08
105.849032408,0.08
105.849032412,0.08
106.849032417,0.08
106.849032421,0.08
106.849032425,0.08
106.84903243,0.08
106.849032434,0.08
107.849032439,0.08
107.849032443,0.08
107.849032447,0.08
107.849032452,0.08
107.849032456,0.08
108.849032461,0.08
108.849032465,0.08
108.84903247,0.08
108.849032474,0.08
109.849032478,0.08
109.849032483,0.08
109.849032487,0.08
109.849032492,0.08
109.849032496,0.08
110.849032501,0.08
110.849032505,0.08
110.84903251,0.08
110.849032514,0.08
110.849032518,0.08
111.849032523,0.08
111.849032527,0.08
111.849032532,0.08
111.849032536,0.08
112.849032541,0.08
112.849032545,0.08
112.849032549,0.08
112.849032554,0.08
112.849032558,0.08
113.849032563,0.08
113.849032567,0.08
113.849032571,0.08
113.849032576,0.08
113.84903258,0.08
114.849032585,0.08
114.84903259,0.08
114.849032594,0.08
114.849032599,0.08
115.849032603,0.08
115.849032607,0.08
115.849032612,0.08
115.849032616,0.08
115.849032621,0.08
116.849032625,0.08
116.84903263,0.08
116.849032634,0.08
116.849032639,0.08
116.849032643,0.08
117.849032648,0.08
117.849032652,0.08
117.849032657,0.08
117.849032662,0.08
118.849032666,0.08
118.84903267,0.08
118.849032675,0.08
118.849032679,0.08
118.849032684,0.08
119.849032688,0.08
119.849032693,0.08
119.849032697,0.08
119.849032702,0.08
119.849032706,0.08
120.849032711,0.08
120.849032715,0.08
120.849032719,0.08
120.849032724,0.08
121.849032728,0.08
121.849032733,0.08
121.849032738,0.08
121.849032742,0.08
121.849032747,0.08
122.849032752,0.08
122.849032756,0.08
122.84903276,0.08
122.849032765,0.08
123.84903277,0.08
123.849032774,0.08
123.849032779,0.08
123.849032783,0.08
123.849032788,0.08
124.849032792,0.08
124.849032797,0.08
124.849032801,0.08
124.849032805,0.08
124.84903281,0.08
125.849032814,0.08
125.849032819,0.08
125.849032823,0.08
125.849032828,0.08
126.849032832,0.08
126.849032837,0.08
126.849032841,0.08
126.849032846,0.08
126.84903285,0.08
127.849032855,0.08
127.849032859,0.08
127.849032864,0.08
127.849032869,0.08
128.849032873,0.08
128.849032878,0.08
128.849032882,0.08
128.849032887,0.08
128.849032891,0.08
129.849032896,0.08
129.8490329,0.08
129.849032905,0.08
129.849032909,0.08
129.849032914,0.08
130.849032918,0.08
130.849032923,0.08
130.849032928,0.08
130.849032933,0.08
131.849032937,0.08
131.849032942,0.08
131.849032947,0.08
131.849032951,0.08
131.849032955,0.08
132.84903296,0.08
132.849032964,0.08
132.849032969,0.08
