0.145303847,185.127365
0.330439562,97.10476
0.427551562,298.86524
0.726460007,59.983546
0.786521057,56.805727
0.843333559,287.015948
1.130355681,109.207711
1.239575554,287.59131
1.594520496,256.811269
1.851418148,157.007388
2.008465809,63.848773
2.072348429,321.048931
2.39346464,62.093097
2.455610215,70.863773
2.526513139,348.953181
2.875497902,103.829494
2.979336012,72.104197
3.051483333,314.907407
3.366394848,112.016341
3.47843557,71.901132
3.550376385,326.945628
3.877418072,64.988634
3.942502617,82.925775
4.025523749,419.698967
4.445283903,66.232073
4.511574685,97.798313
4.609378124,300.911767
4.910374359,191.003593
5.101422025,77.732503
5.179205648,96.141668
5.275355912,29.912233
5.889243314,21.979633
5.911267556,103.211285
6.014516856,9.762713
6.024318902,140.843594
6.165204658,92.093444
6.257376693,275.962719
6.533395018,235.807693
7.617300319,714.009541
8.220293712,1188.980917
8.222282924,829.093439
8.22336911,2.956329
8.226333166,226.890223
8.45324151,11.0741
8.464356461,8.028382
8.4724265,225.833829
8.698297557,12.000767
8.710335688,345.993905
9.05636676,258.979247
9.315434232,12.848997
9.328290755,9.015421
9.337360174,227.870635
9.565269647,5.079368
10.784382765,1.996933
10.786386771,211.0182
10.997444509,11.084372
11.008627052,7.734463
11.016395213,185.009227
11.20140854,313.187462
11.514633547,210.727706
11.725378176,15.872543
11.741317377,10.302026
11.751648243,183.819919
11.935471346,331.036687
12.266520813,221.026504
12.487587521,16.852482
12.504502803,6.97856
12.511526532,197.821571
12.709415346,6.948194
12.716424711,355.028407
13.071520119,233.039278
13.304606587,14.705379
13.319317652,7.223183
13.326544908,191.831887
13.518382585,8.016204
13.526426987,346.995162
13.873478473,229.133319
14.10264828,13.925902
14.116631675,6.869962
14.123532078,87.020159
14.210600354,104.028684
14.3146777,319.783108
14.634516596,223.02636
14.857547325,14.162429
14.871713965,7.744457
14.879489158,85.138309
14.964657208,103.046379
15.067804176,307.660481
15.375501514,210.022742
15.585646777,15.747031
15.601443443,7.168602
15.60871682,48.587828
15.657374222,144.202201
15.801618182,341.786883
16.143541654,246.169873
16.389775142,16.822354
16.406707343,7.908583
16.414645922,55.946288
16.470645108,166.021559
16.636670804,349.772866
16.986451643,8.939469
16.995420986,233.862538
18.031390925,8.99251
18.040415893,160.257881
18.854668319,144.019987
18.99876685,449.637459
19.44850372,20.940385
19.469557167,178.080844
19.647680447,299.066042
19.946823036,210.577705
20.157553522,109.148437
20.266762646,340.637776
20.607458101,183.219848
20.790686878,19.978998
20.810725544,171.999136
20.982802085,254.640441
21.237500267,161.208468
21.398807724,18.525929
21.417394597,162.273774
22.083555101,285.811889
22.369409273,169.249045
22.538673136,94.723369
22.633402,283.02742
23.217593569,189.2044
23.406815905,249.941949
23.656785314,207.784812
23.864579559,164.78777
24.029375624,242.1951
24.27157768,124.984174
24.396575059,104.902654
24.501488819,188.026527
24.689523802,176.95388
24.866516826,72.89162
25.267487219,19.799266
25.573648549,42.837359
25.859642039,116.000602
25.975656757,339.869054
26.31553098,336.931542
27.243434653,103.1196
27.346596545,267.853288
27.614491259,289.306902
27.903803599,223.638943
28.315513299,111.110045
28.426653023,333.905977
28.76057118,254.9488
29.015525528,211.97635
29.227525399,128.098665
29.35564014,213.244126
29.56892237,173.882888
29.742827845,166.727194
30.046884635,98.596393
30.145489102,165.135579
30.310631413,168.822349
30.479569318,165.775612
30.645451251,209.123821
30.854640389,155.958394
31.010616023,153.889917
31.212459295,150.049558
31.362541375,209.90925
31.57245906,156.042357
31.889395356,132.124655
32.021525152,185.97043
32.20752316,249.981351
32.457513401,199.917523
32.657439376,175.163235
32.832607491,241.882835
33.074495717,151.970907
33.226504206,161.982094
33.388491623,152.931406
33.541432067,142.032732
33.683473011,147.061875
33.830540184,109.85597
33.940404364,160.14855
34.100557799,162.873629
34.263437412,101.152608
34.364598624,145.892345
34.510496742,138.112204
34.648680364,191.893044
34.840621873,134.025043
34.97472132,115.90527
35.090679822,142.853872
35.469610503,49.83653
35.798668835,15.930032
35.915452949,247.039786
36.162610959,234.033824
36.396698951,216.783393
36.613544261,241.974699
36.855562153,215.063248
37.070669825,220.921586
37.291690533,176.810095
37.468559622,170.95881
37.639531707,163.999091
37.803590311,160.054586
37.963753571,158.797712
38.122576399,114.940213
38.237524948,136.01935
38.37355255,153.119201
38.526696899,127.034475
38.653767927,131.792446
38.785565311,126.066022
38.911636672,128.054001
39.039713983,137.065634
39.1767845,146.935677
39.323753705,77.026679
39.400845037,145.843904
39.546741418,150.137385
39.696900056,102.889595
39.799814201,122.766164
39.922584882,92.130087
40.014722355,138.904713
40.153632675,106.983428
40.351592477,177.979787
40.693538905,99.036807
40.792583674,176.006104
40.968611163,231.966507
41.357641212,164.94322
41.522607366,158.079747
41.810652504,153.007821
41.963668175,229.971462
42.193644585,233.939079
42.427619272,151.027448
42.578654262,150.804693
42.729495819,184.184756
42.913745591,192.846933
43.106630617,160.021752
43.266757612,156.901269
43.572649785,148.880442
43.996592742,190.023161
44.186654395,195.936546
44.382604103,196.048283
44.757687062,155.986248
44.913680987,296.999688
45.210704136,162.783307
45.373492024,158.210652
45.531709623,189.980077
45.721697797,207.157879
45.928864748,204.850777
46.133720708,167.183633
46.300909792,160.795794
46.461713329,179.191879
46.64093004,88.034107
46.728996214,151.854067
46.880859413,162.023136
47.042888076,94.968999
47.137864867,155.98882
47.293884331,163.048371
47.511843267,39.09519
47.633873276,155.002343
47.788884198,156.932442
47.945824426,153.893925
48.099722723,165.29316
48.265049791,132.743955
48.397798676,160.840261
48.558646986,113.077037
48.671742409,129.876303
48.801627815,112.11804
48.913764979,117.230476
49.030999977,116.645491
49.295716674,4.075437
49.299835557,157.035706
49.456895893,161.980055
49.76977993,123.927543
49.893715532,126.049309
50.019768814,157.121566
50.329657917,102.024985
50.431690627,89.314217
50.646799611,95.045765
50.741892579,116.757829
50.858703571,108.001551
50.966762154,136.947444
51.103738897,97.818918
51.201609692,99.230755
51.3009458,93.98974
51.39494341,131.911846
51.5268606,60.015901
51.586883461,98.827299
51.685715247,107.97815
51.793697678,106.059337
51.899765095,108.005551
52.007778033,117.256296
52.125054528,86.701602
52.211761769,131.950238
52.343719999,114.143572
52.457886531,72.039426
52.529954542,109.123292
52.639109053,75.669755
52.714783,116.131787
52.83092227,106.93866
52.937866227,91.87333
53.029744433,107.209425
53.136962172,154.855175
53.291822778,47.94696
53.339796221,97.910311
53.437720848,112.089296
53.549830696,99.791606
53.649681445,117.113197
53.766829021,104.932335
53.871766197,123.983494
53.995757553,108.037174
54.103814441,129.25189
54.233088629,102.671098
54.335803827,113.148235
54.448956716,140.932233
54.589896379,111.971625
54.701901322,81.867643
54.783774171,200.233488
54.984023469,57.799763
55.041832109,137.249637
55.179086709,113.842366
55.292964877,60.030097
55.353012923,146.736483
55.499756776,125.242526
55.625029968,67.906025
55.69294112,162.074783
55.855055454,136.737532
55.991860604,77.230632
56.069097391,41.949439
56.111054996,152.023243
56.263098353,156.789886
56.419939512,17.817927
56.437763963,80.097852
56.517880657,183.883342
56.701770747,40.07277
56.741848023,191.838396
56.933690857,19.388397
56.95308636,93.924923
57.047031019,228.047241
57.27509699,38.001426
57.313106891,244.725151
57.557870894,12.867856
57.570793827,22.958116
57.593809056,118.102205
57.7119439,71.825655
57.783821402,230.006854
58.013940932,47.783181
58.061728754,19.278877
58.081037667,310.850242
58.391895162,37.773826
58.429676547,8.110745
58.437794097,126.034616
58.563832653,8.000439
58.571844802,297.964335
58.86981577,7.963
58.877797012,362.995642
60.113056021,815.165152
60.255938926,836.158909
60.257946146,552.931669
60.5930853,11.92788
60.605028025,314.76427
60.919799852,9.206589
60.929020672,58.057244
60.987115441,7.93423
60.995056541,147.993461
61.151095496,0.794254
61.439080316,8.653632
61.447740655,51.19156
61.498977351,272.01413
61.778046345,62.970555
61.841074838,8.088024
61.849236452,135.944704
61.985193651,6.613009
61.991813307,7.843067
61.999660556,251.480856
62.251149361,12.690835
62.263851529,295.222969
62.559078905,10.733684
62.569827772,7.411672
62.577251305,61.859157
62.639117084,7.994232
62.647122439,134.625039
62.781753206,7.993323
62.789753382,9.261866
62.799034002,256.042619
63.055089671,12.06777
63.075893861,307.845019
63.383789892,12.125299
63.395922072,7.988257
63.403914715,71.253448
63.475195772,6.61507
63.481817306,146.113689
63.627941153,7.963407
63.635984441,9.153507
63.64514216,9.881396
63.915011235,14.82768
63.929842707,141.173545
64.071029421,184.911601
64.255960305,10.040059
64.266028597,8.9823
64.27502014,72.148451
65.307206367,191.236602
65.307215556,0.663283
65.307906865,8.003857
65.315935961,237.957846
65.553920115,15.232609
65.569222001,270.670009
65.839905829,9.233262
65.849196331,8.863826
65.858117988,85.586778
65.943764573,88.020127
66.031815086,9.278978
66.041155172,214.750204
66.255914638,17.129643
66.273049953,88.867443
66.36192526,203.169963
66.565102158,10.096386
66.575231444,36.76993
66.61206824,142.999851
66.755121173,8.002675
66.763153053,10.668295
66.773873855,224.036583
66.997923427,13.293998
67.011250138,56.758339
67.068088639,260.925599
67.329069172,8.768343
67.337904301,10.051866
67.348035658,63.884695
67.411954699,127.868089
67.539854429,10.06027
67.549976284,6.975778
67.557075016,237.967802
67.795079826,20.895424
67.816094957,133.792946
67.949893509,192.047641
68.14198707,9.918385
68.151914395,41.925002
68.193844101,32.045011
68.225893328,131.265328
68.357165548,8.739493
68.365909039,9.998309
68.375914157,253.921719
68.629845538,19.394438
68.649256484,106.647468
68.755910918,240.05566
68.995982429,9.123375
69.005114462,44.802442
69.111239638,106.691396
69.218005812,9.240707
69.227354383,8.417992
69.235824202,248.125189
69.484023738,21.913479
69.505969103,89.766591
69.595794314,236.186973
69.832011492,9.981773
69.842013201,11.926388
69.853955245,67.955796
69.921941853,143.243128
70.065234658,10.726598
70.076059317,7.881608
70.0839485,268.01441
70.352027622,19.070809
70.371204154,43.823757
70.415090159,268.690858
70.683785491,13.400022
70.707943974,66.080016
70.774068135,123.928134
70.898004376,9.831379
70.907845246,10.14466
70.981342415,188.621342
71.169996536,19.967113
71.189984465,101.889549
71.29188333,172.147197
71.464043414,7.787842
71.471835673,39.161838
71.511004762,86.809679
71.597818679,53.269025
71.651091912,10.055216
71.661151692,10.815409
71.671974546,221.183545
71.89318054,19.972574
71.913185873,45.640742
71.958847802,247.125574
72.206033671,13.96534
72.220006746,11.957586
72.232026263,60.961208
72.293041707,116.166436
72.409297885,9.816534
72.419178967,9.836549
72.429067093,13.906951
72.442995408,232.185782
72.675262556,16.679146
72.692004092,81.065548
72.773155933,218.855229
72.992022472,13.9676
73.005996886,13.803864
73.019805296,39.128286
73.058993138,102.995664
73.162031393,53.046074
73.2151255,12.048096
73.227270228,10.725761
73.238039969,185.195893
73.423265029,83.851381
73.5071376,24.880992
73.532032065,181.119908
73.7131574,146.009562
73.859198942,9.646124
73.868849674,13.158015
73.882015992,65.199721
73.947284979,91.798348
74.039177611,50.820914
74.102052925,6.957845
74.109031809,62.130252
75.083218246,351.17285
75.535995605,452.111631
75.874094638,121.096016
75.995198254,30.885833
76.026091656,123.830456
76.149927144,162.181598
76.312153628,13.787936
76.326017323,95.892955
76.421917704,91.161414
76.513083693,21.00904
76.541058915,97.908375
76.638973152,122.243132
76.761221008,28.558676
76.789784413,160.035614
76.949862264,124.071515
77.073961949,12.182667
77.086196031,65.013354
77.15124844,121.931141
77.273241753,17.755722
77.291039341,18.171783
77.309231061,10.070726
77.319324147,102.606143
77.421966435,126.952946
77.548923864,28.985395
77.577913784,177.176981
77.7551546,130.021814
77.885210744,10.902322
77.896182067,38.910906
77.935131645,112.048634
78.047194512,61.792742
78.109047304,21.883628
78.130969163,7.894552
78.138924189,9.185329
78.148165596,158.797585
78.307022293,92.900058
78.400034477,28.05609
78.428146102,175.958892
79.586123598,762.233335
79.668240228,677.335191
80.581082819,762.922844
80.581117547,5.212387
80.581122509,11.807474
80.593037232,136.089983
80.729228576,86.689947
80.815937177,27.26381
80.843351193,145.556289
80.988911653,146.998002
81.194066941,149.852955
81.343924482,15.138069
81.359097974,17.892506
81.377028117,158.828296
81.535870978,95.997536
81.672032008,125.209423
81.797295038,202.629526
81.999962606,14.326878
82.014367822,71.639348
83.031990574,717.757042
83.195269292,657.250223
83.396131636,154.931917
83.567169725,62.728544
83.749083949,13.92705
83.763047818,211.974697
83.975028625,73.259909
84.048296009,191.74939
84.26626693,55.944004
84.322223838,137.722085
84.45995106,21.17021
84.481141171,122.177548
84.603376983,124.834578
84.728242834,136.798591
85.021045846,13.228689
85.034313912,68.719649
85.103040467,148.007053
85.251089451,9.06563
85.260192671,139.722444
85.39995516,173.013558
85.573023762,93.271872
85.666338363,165.823503
85.832211431,13.725369
85.845986948,69.060113
85.915102118,156.809141
86.07192845,12.233969
86.084193285,134.017733
86.218222646,184.638999
86.402918904,108.089035
86.511068558,170.995172
86.682114526,13.915526
86.696059776,63.025374
86.759125445,148.74798
86.907961284,36.353388
86.944334925,86.806489
87.031145587,202.026193
87.233213493,101.043008
88.207416748,539.479817
88.48401088,684.828594
88.585114919,112.981392
88.698103966,161.960913
88.860070456,129.090191
88.989168031,109.985673
89.197090378,101.972068
89.299100449,137.203991
89.436366312,119.90073
89.556274537,130.81965
89.687110074,166.012102
89.853133437,68.995062
89.922149145,127.985956
90.050198968,92.074806
90.142374167,127.939295
90.270411178,185.775936
90.456250296,47.950073
90.504232518,188.746951
90.693077968,81.123191
90.774209888,112.914832
92.480304858,321.172105
92.480314691,91.121739
93.081218199,103.869809
93.18509581,260.054599
93.445160337,259.923284
93.70509151,84.119076
93.789217484,109.915487
93.899137884,312.145364
94.211359914,248.817032
94.460216438,90.991274
95.34317755,217.10082
95.560319792,477.987677
96.145221298,1.072893
96.372371389,389.803385
96.76219973,220.774591
96.982979714,214.085934
97.197120302,284.063758
97.48118917,326.060486
97.807361271,129.831997
97.937199572,193.102592
98.88333248,19.033643
98.902389854,454.640914
99.357038682,150.223221
99.507298086,382.882621
99.890239281,252.844561
100.143141203,134.049474
100.277233337,399.9972
100.677309796,281.891247
100.959244218,113.948404
101.073296059,238.665978
101.312026207,429.128568
101.741245565,185.877397
101.927172248,211.015542
102.138262703,335.028941
103.278392028,38.798613
103.317198032,219.12883
103.536333985,212.033751
103.748373512,511.993138
104.260388167,127.907859
104.388300752,426.943118
104.815284421,329.963426
105.145253089,156.013558
106.122430859,431.153358
106.24926032,491.881611
106.741200905,146.829893
106.888082114,459.154533
107.347241719,201.962228
107.549208675,332.003453
107.8812535,256.039916
108.13735791,105.099106
108.242510507,446.763523
108.689308954,259.014062
108.948330961,126.990557
109.466456627,230.817598
109.697291973,183.880078
109.881179671,380.071217
110.261318269,216.816896
110.478181076,217.128811
110.695408823,462.880042
112.088220625,140.184618
112.228413656,570.888185
112.799316689,195.027086
112.994349136,558.832375
113.553247151,243.105159
113.796386374,200.838281
