0.330431212,0.001572
0.427544322,0.001448
0.726416802,0.00733
0.786443553,0.007278
0.843326784,0.001307
1.130349507,0.002902
1.239563392,0.006953
1.527166864,0.001558
1.594481427,0.006745
1.851331765,0.007036
2.008425536,0.001472
2.072314582,0.001234
2.39339736,0.005699
2.455557737,0.001384
2.526473988,0.001134
2.87546632,0.001803
2.979327396,0.001298
3.051440209,0.007219
3.36639074,0.0014
3.478411189,0.006277
3.550336702,0.007202
3.877322013,0.006237
3.942406706,0.006631
4.025428392,0.005425
4.445222716,0.001369
4.511515976,0.005765
4.609372998,0.001458
4.910289891,0.007529
5.101377952,0.006225
5.179154528,0.001266
5.275347316,0.001292
5.305268145,0.001578
5.889235539,0.001371
5.911222947,0.0012
6.014478841,0.001165
6.024279569,0.001663
6.165162496,0.001439
6.257298102,0.007831
6.533339412,0.001363
6.769202711,0.00172
6.775259098,0.001383
6.903290778,0.001338
6.904402265,0.001264
7.031312795,0.001372
7.037361815,0.001355
7.393189485,0.001532
7.399477653,0.001251
7.607159061,0.001351
8.226325439,0.001343
8.453223389,0.007604
8.46431561,0.001341
8.472384843,0.005829
8.698260329,0.006454
8.710298324,0.007329
9.056329593,0.00121
9.315346007,0.006168
9.328283229,0.001453
9.337306176,0.007256
9.565230809,0.006737
9.570349015,0.001421
9.948468872,0.001238
9.956276878,0.001265
10.20256893,0.001387
10.218392339,0.001116
10.227442867,0.001369
10.448547294,0.001389
10.786379698,0.001242
10.997404971,0.006897
11.008528881,0.007057
11.016361515,0.001175
11.20140444,0.001286
11.514596002,0.007009
11.725361253,0.00158
11.741250719,0.001224
11.751619403,0.005449
11.935468162,0.001522
12.266508033,0.001395
12.487547317,0.00748
12.504440003,0.001286
12.511481363,0.001193
12.709348103,0.001277
12.71636354,0.001412
13.071453118,0.001282
13.304559397,0.001286
13.319311966,0.001225
13.326540835,0.001264
13.518376795,0.00144
13.526398789,0.00596
13.873422149,0.001369
14.102611792,0.001487
14.116574182,0.001291
14.123501637,0.001225
14.210552237,0.00135
14.314629038,0.005955
14.634460808,0.001334
14.857542956,0.00149
14.871709754,0.001295
14.879458422,0.005498
14.964627467,0.006169
15.067703587,0.001397
15.375464657,0.001174
15.585524256,0.001248
15.601393808,0.001255
15.608612045,0.001482
15.657304648,0.001266
15.801576423,0.001276
16.143405065,0.007659
16.389711527,0.006811
16.406597496,0.001476
16.414615926,0.006875
16.47059221,0.00156
16.636666667,0.001462
16.98644367,0.001631
16.995391112,0.007053
17.229283524,0.001629
17.247326075,0.002001
17.255312581,0.006839
17.431321452,0.001413
17.467312644,0.001164
17.792430516,0.001452
17.802369791,0.001439
18.040383435,0.001167
18.200673774,0.001502
18.269539425,0.001185
18.545389476,0.001367
18.774437405,0.006189
18.78534028,0.001085
18.998688306,0.001235
19.448404309,0.001461
19.469444105,0.001463
19.647638011,0.001082
19.946746489,0.001197
20.157400741,0.006308
20.266701959,0.001499
20.607400422,0.001586
20.790677949,0.001551
20.810665876,0.001117
20.98272468,0.005855
21.237442526,0.001269
21.398708735,0.005663
21.417333653,0.001463
21.579668371,0.006281
21.824820192,0.007411
21.973356385,0.00145
21.993464149,0.001469
22.36936699,0.001307
22.538658318,0.001718
22.633396505,0.002115
22.91642942,0.001146
23.061586857,0.005677
23.189552867,0.001703
23.406797969,0.006126
23.656757854,0.006499
23.864570126,0.001431
24.029367329,0.001344
24.271570724,0.001489
24.396561854,0.001553
24.501477713,0.001265
24.689515346,0.001461
24.866477682,0.007659
24.939408446,0.001181
25.124446865,0.001408
25.287286485,0.001261
25.616485908,0.001379
25.819652851,0.001442
25.975642641,0.001362
26.315525811,0.001421
26.652462522,0.001424
26.931389402,0.001507
27.066570011,0.001295
27.346554253,0.006767
27.614449833,0.001532
27.903798161,0.001644
28.127442542,0.006193
28.426623344,0.006608
28.760559,0.001958
29.01551998,0.001287
29.227501878,0.006366
29.355624064,0.006218
29.568884266,0.006524
29.742805258,0.007129
29.909555039,0.001235
30.145481028,0.001627
30.310624681,0.001212
30.479453762,0.005569
30.64534493,0.001206
30.854575072,0.001366
31.010598783,0.007904
31.16450594,0.001303
31.362508853,0.003947
31.572450625,0.001329
31.728501417,0.001375
32.021520011,0.001205
32.207495582,0.005976
32.457504511,0.001307
32.657430924,0.001443
32.832602611,0.001308
33.074490326,0.002228
33.226466624,0.005968
33.3884863,0.001234
33.541423029,0.001495
33.683464799,0.001215
33.830534886,0.001368
33.940396154,0.001224
34.100552914,0.001297
34.263431428,0.001608
34.36459002,0.001211
34.510490969,0.001555
34.648608946,0.005976
34.840573408,0.001767
34.974646916,0.006911
35.09062659,0.001497
35.233533694,0.005402
35.357488676,0.006273
35.519447033,0.001342
35.814598867,0.006106
36.162492735,0.00142
36.396644783,0.001429
36.613482344,0.001222
36.85551896,0.001699
37.070625401,0.001803
37.291591411,0.007635
37.468500628,0.001561
37.639518432,0.001433
37.803530798,0.001561
37.963644897,0.00582
38.122551283,0.007634
38.237516612,0.001289
38.373544298,0.001687
38.526671751,0.006676
38.653731374,0.006931
38.785560373,0.001217
38.911631333,0.00131
39.039690673,0.005877
39.176779617,0.001584
39.323720177,0.001811
39.400780384,0.001226
39.546688941,0.001313
39.696878803,0.006542
39.799789651,0.007556
39.922580365,0.001219
40.014714969,0.001708
40.153627068,0.001666
40.260616103,0.001158
40.349434475,0.001313
40.529572264,0.003366
40.792575712,0.001349
40.968589778,0.006072
41.20057767,0.001412
41.357636132,0.001615
41.522584432,0.006854
41.680687113,0.001287
41.963660325,0.007617
42.193639637,0.001291
42.427583664,0.006721
42.57864672,0.001274
42.729458955,0.001299
42.913680575,0.005918
43.106592524,0.001295
43.266652369,0.006486
43.423658881,0.001294
43.572596351,0.001171
43.721530227,0.001352
43.87752135,0.001135
44.186615903,0.005928
44.382590941,0.001519
44.578652386,0.001523
44.734600743,0.001487
44.91367331,0.001168
45.210680675,0.006477
45.373487443,0.001162
45.531702676,0.001138
45.7216897,0.001451
45.928855676,0.001404
46.133715525,0.001366
46.300904341,0.001354
46.461705586,0.001245
46.640905208,0.00659
46.728964147,0.008529
46.880850281,0.001245
47.042882549,0.001451
47.137857075,0.001304
47.293853687,0.001121
47.456932702,0.001359
47.550938457,0.001535
47.788875619,0.001302
47.94581664,0.001125
48.099718351,0.001186
48.265015883,0.005858
48.397793746,0.001314
48.558638937,0.001295
48.671724023,0.00569
48.801618712,0.001435
48.913745855,0.006214
49.030995455,0.001323
49.147645468,0.001219
49.299792111,0.007457
49.456871263,0.006763
49.618875948,0.001314
49.769771331,0.00121
49.893707473,0.00216
50.019764841,0.001332
50.17689038,0.001279
50.329653005,0.001392
50.431682902,0.00119
50.521004844,0.001242
50.646744545,0.001179
50.741845376,0.001327
50.858650408,0.001189
50.966705122,0.001277
51.103709598,0.001181
51.201557815,0.001589
51.300840447,0.005999
51.39493554,0.001194
51.526855256,0.001292
51.586876501,0.001178
51.68571076,0.00125
51.793693397,0.001185
51.899757015,0.001201
52.007770646,0.0012
52.125034329,0.005626
52.21175613,0.001183
52.343712007,0.00121
52.457863571,0.006047
52.529925957,0.005782
52.639077834,0.007292
52.714778808,0.001138
52.830914787,0.001288
52.93786093,0.001599
53.029739557,0.001163
53.136953858,0.001485
53.291817347,0.001506
53.339769738,0.005508
53.437706532,0.001419
53.549810144,0.006593
53.649622302,0.001312
53.766794642,0.007257
53.871761356,0.001293
53.995749691,0.001186
54.103794727,0.005637
54.233066331,0.006156
54.335759727,0.001072
54.448952062,0.001314
54.589888949,0.00149
54.701868004,0.006416
54.783768965,0.001256
54.984007659,0.007323
55.041823232,0.001411
55.179081746,0.001328
55.292929075,0.006467
55.352994974,0.005602
55.499749406,0.001237
55.624999302,0.005568
55.692935993,0.001296
55.855015903,0.006471
55.991792986,0.001179
56.069091236,0.001423
56.11104683,0.001194
56.263078239,0.005967
56.419888239,0.001444
56.437757439,0.001088
56.517861815,0.005655
56.701763999,0.001079
56.741843517,0.001182
56.933686419,0.001155
56.953079254,0.001152
57.047011283,0.005603
57.27507826,0.005761
57.313098416,0.001451
57.557832042,0.001346
57.57073875,0.001309
57.593751943,0.001214
57.711911261,0.001144
57.783769555,0.001158
58.013828256,0.005624
58.061724113,0.001117
58.081007631,0.005347
58.391887909,0.001129
58.429668988,0.001052
58.437787292,0.001156
58.563828713,0.001392
58.571833092,0.001322
58.869809137,0.001321
58.87777877,0.001153
59.240792654,0.001685
59.241964226,0.001305
59.24509812,0.001233
59.25178071,0.001184
59.297890869,0.001394
59.302985096,0.001243
59.419780017,0.001222
59.42680295,0.001234
59.435153831,0.001106
59.705014477,0.007214
59.707921867,0.005554
59.717048748,0.001088
60.261028753,0.001495
60.268981994,0.001286
60.276783847,0.001259
60.60501318,0.005969
60.919792295,0.001777
60.929006441,0.001333
60.987077916,0.006633
60.995049671,0.001436
61.143050002,0.001155
61.15188975,0.001126
61.439071687,0.002083
61.447733948,0.001309
61.498932215,0.006272
61.770991481,0.001331
61.778027515,0.006023
61.8410169,0.007219
61.849162862,0.006454
61.985181156,0.001328
61.99180666,0.001407
61.999656374,0.001493
62.251141412,0.001273
62.263840196,0.001376
62.559074498,0.0013
62.569812589,0.001318
62.577239444,0.006125
62.639110462,0.001308
62.647111316,0.001305
62.781747478,0.001217
62.789746529,0.00139
62.799015248,0.006575
63.055076621,0.001343
63.067157441,0.001203
63.075889698,0.001335
63.38373888,0.00131
63.395915191,0.0012
63.403910329,0.001169
63.475168163,0.005434
63.481810842,0.001159
63.627930995,0.001269
63.63590456,0.001132
63.645137948,0.001209
63.655023556,0.005595
63.914867126,0.006136
63.929838915,0.00121
64.071016252,0.001359
64.255941022,0.005464
64.266000364,0.005434
64.275010897,0.005908
64.347168591,0.001154
64.475911123,0.001342
64.483970858,0.001178
64.491961954,0.001173
64.501175225,0.005984
64.509178193,0.005525
64.778869882,0.001308
64.79508649,0.001192
64.89710343,0.001136
65.103107467,0.001134
65.115969765,0.006384
65.124855703,0.00131
65.307878839,0.001222
65.315910722,0.001288
65.553893807,0.001247
65.569152724,0.002355
65.83989201,0.00144
65.849139091,0.001631
65.858060157,0.005316
65.943704766,0.001349
66.0317847,0.001084
66.041094064,0.001212
66.255905376,0.001135
66.273044281,0.001249
66.361917396,0.001189
66.565095223,0.001404
66.575198544,0.006379
66.612001374,0.001226
66.755068091,0.001539
66.763123848,0.001086
66.773821348,0.001184
66.997910438,0.001317
67.011217425,0.006546
67.068008477,0.001246
67.329014238,0.00118
67.337837515,0.00142
67.347956167,0.001263
67.411920353,0.001095
67.539822788,0.001056
67.549914699,0.001205
67.556952062,0.005664
67.795042818,0.001176
67.81597525,0.006649
67.949887903,0.001365
68.14194115,0.001319
68.151905455,0.001549
68.193839397,0.001207
68.225889112,0.001238
68.357158656,0.001298
68.365905041,0.001211
68.375907348,0.001224
68.629835876,0.001271
68.649239976,0.005689
68.755903952,0.001311
68.995966578,0.00559
69.005105804,0.001183
69.049916904,0.001368
69.111184891,0.001539
69.217931034,0.001429
69.227246519,0.005496
69.235772375,0.001276
69.483949391,0.001224
69.505937217,0.001049
69.595735694,0.001411
69.831981287,0.001163
69.841993265,0.007257
69.853939589,0.001678
69.921911041,0.00112
70.065184981,0.005582
70.075961256,0.005802
70.083940925,0.001335
70.35196291,0.001399
70.371098431,0.005845
70.415027911,0.001471
70.683781017,0.001538
70.697185513,0.006191
70.707901767,0.006088
70.77402399,0.007123
70.897996269,0.001459
70.907835755,0.001431
70.917989906,0.001185
70.981257822,0.006827
71.169963757,0.005751
71.189963649,0.005745
71.291874014,0.001481
71.464030527,0.00547
71.471831256,0.001123
71.510997511,0.001403
71.597814441,0.001466
71.651087704,0.001177
71.661147128,0.001466
71.671967101,0.00155
71.893158091,0.005954
71.913153114,0.00115
71.958826615,0.005797
72.205973376,0.001585
72.219999011,0.001348
72.231964332,0.001553
72.292987471,0.001825
72.409208143,0.007307
72.419114419,0.005585
72.429015516,0.00631
72.442974044,0.00667
72.67518119,0.005874
72.691941702,0.005757
72.77306964,0.006212
72.992011162,0.001407
73.005990072,0.00141
73.01980075,0.001514
73.058933582,0.006194
73.161988802,0.001464
73.215077467,0.00659
73.227173596,0.005718
73.237995989,0.00136
73.423235862,0.007171
73.50711641,0.006719
73.532018592,0.001375
73.713151973,0.001312
73.859166962,0.006507
73.868845066,0.001536
73.882007689,0.001286
73.947215713,0.005482
74.039083327,0.011155
74.089998525,0.001148
74.102033337,0.006255
74.10901077,0.006262
74.171162061,0.003047
74.365147943,0.005432
74.389845379,0.001186
74.437181323,0.001076
74.587986009,0.001133
74.732045396,0.001131
74.733093827,0.001192
74.7451084,0.006722
74.78603849,0.001158
74.902047375,0.001295
74.953909832,0.001234
74.963014166,0.001244
74.978089932,0.001303
74.986104387,0.001089
75.083883974,0.001546
75.212076134,0.001163
75.267194898,0.001115
75.513949809,0.001237
75.579849128,0.001226
75.694129957,0.005984
75.752020943,0.001332
75.766933955,0.001225
75.779182485,0.001263
75.995190654,0.00139
76.026084087,0.001197
76.149922112,0.00135
76.312108742,0.001395
76.325941564,0.007019
76.421910278,0.00157
76.513079118,0.00151
76.534092733,0.006168
76.541048622,0.001299
76.63896729,0.001256
76.761216284,0.001231
76.789779684,0.001177
76.949820027,0.001625
77.073933779,0.001141
77.086144616,0.001519
77.151209385,0.001189
77.273179581,0.00116
77.290997475,0.001086
77.309211124,0.005497
77.319301787,0.006429
77.42193029,0.001139
77.548919381,0.001379
77.577909259,0.001133
77.755090765,0.001145
77.885176414,0.007263
77.896113066,0.001275
77.935092973,0.001529
78.047180279,0.001659
78.108987254,0.001294
78.130930932,0.001295
78.138863715,0.001131
78.148109518,0.001115
78.306963181,0.001467
78.399922351,0.005903
78.428090567,0.001169
78.604104994,0.001454
78.741866788,0.00132
78.756995421,0.00127
78.795076436,0.001153
78.823890263,0.001095
78.967192279,0.001259
78.986047926,0.00113
78.990905037,0.001428
78.999229335,0.001112
79.018101442,0.001296
79.172173041,0.001191
79.255963044,0.005878
79.287049559,0.001115
79.45216805,0.001753
79.607245471,0.006172
79.670081808,0.001363
79.818159975,0.001165
79.833988514,0.001239
79.899222191,0.005707
80.067302951,0.001275
80.089169767,0.001536
80.2081346,0.001432
80.368040292,0.00139
80.379259836,0.005942
80.511181462,0.005746
80.57590516,0.00121
80.592929983,0.001207
80.729127215,0.001377
80.815918523,0.00538
80.843200987,0.005446
80.988907482,0.001406
81.135909655,0.001186
81.194002545,0.006952
81.343919896,0.001323
81.359062551,0.006261
81.37699048,0.005607
81.535856413,0.001262
81.631868514,0.001562
81.671968665,0.001272
81.797241431,0.003335
81.999924564,0.001364
82.014289484,0.00585
82.08600717,0.001324
82.254181213,0.00127
82.263931588,0.00123
82.314233532,0.005954
82.433246439,0.006367
82.538019069,0.001135
82.554116889,0.005928
82.695064036,0.006
82.845986385,0.001357
82.860121481,0.001318
83.055153861,0.001321
83.065924681,0.0011
83.551063553,0.006062
83.567164879,0.001262
83.629898269,0.001438
83.749060277,0.005796
83.763010999,0.006396
83.975022515,0.001769
84.048288534,0.001341
84.240045399,0.007545
84.266259734,0.001162
84.322210934,0.001616
84.459945923,0.001522
84.48112127,0.006457
84.603318719,0.007441
84.728211561,0.001092
84.865041425,0.006449
85.021034418,0.001606
85.034274535,0.007007
85.103033561,0.001338
85.25104752,0.001405
85.260155081,0.0014
85.399915115,0.001212
85.572968718,0.001221
85.666295634,0.001246
85.832161866,0.001259
85.8459368,0.001626
85.915047061,0.001139
86.071911259,0.001487
86.084162419,0.001241
86.218211018,0.001455
86.402861645,0.001446
86.511007939,0.00132
86.68206373,0.00117
86.696030052,0.001236
86.75908515,0.001267
86.907873425,0.0012
86.944314672,0.001149
87.031141414,0.001412
87.23317178,0.001173
87.334256501,0.001249
87.427100727,0.001327
87.547897016,0.001248
87.604258186,0.001227
87.667936931,0.006289
87.791235995,0.001167
87.799182286,0.005849
87.999065398,0.001365
88.207965935,0.001413
88.375003217,0.001253
88.443001804,0.00111
88.579027247,0.001169
88.698096311,0.001271
88.860064879,0.001454
88.989160647,0.001499
89.099153704,0.003338
89.197027842,0.001245
89.299062446,0.001167
89.43630444,0.006124
89.556267042,0.001544
89.687094187,0.0054
89.853122176,0.005507
89.922128499,0.0071
90.050135101,0.001155
90.142273774,0.006393
90.270313462,0.007361
90.456187114,0.001531
90.504200369,0.001151
90.692979469,0.005911
90.774201159,0.001467
90.88712472,0.006073
90.922261055,0.001235
91.098169043,0.006219
91.215077169,0.006298
91.37008188,0.001226
91.553030409,0.00144
91.61312869,0.001458
91.65891191,0.001179
91.840969998,0.001285
92.159132753,0.005699
92.312221581,0.001305
92.389192952,0.006363
92.498145381,0.001238
92.664367618,0.001188
92.872043175,0.001232
93.008043184,0.001154
93.07518447,0.005692
93.185088008,0.001417
93.445150409,0.001339
93.705083621,0.001167
93.789210586,0.00114
93.899132971,0.001501
94.211283248,0.005751
94.460176946,0.00142
94.551207712,0.006347
94.667941332,0.001112
94.996274072,0.001329
95.240261359,0.00129
95.342294652,0.001308
95.56027837,0.00766
96.038307469,0.006714
96.146294191,0.001249
96.372307078,0.007145
96.762174774,0.006786
96.982974321,0.001284
97.197065648,0.001234
97.48118406,0.001658
97.807249656,0.00585
97.937193268,0.00134
98.130302164,0.001617
98.503198376,0.006084
98.706251206,0.001246
98.902366123,0.006186
99.357030768,0.001382
99.507261903,0.006932
99.890180707,0.001494
100.143083842,0.001372
100.277190677,0.001363
100.677230537,0.001504
100.959201043,0.001573
101.073192622,0.006129
101.311962037,0.001261
101.741154775,0.00717
101.927122962,0.001162
102.13818779,0.006351
102.473291644,0.001423
102.662319489,0.001189
102.789133372,0.001179
103.317190641,0.001304
103.536326862,0.001335
103.748367736,0.001496
104.26036665,0.007158
104.388296026,0.001341
104.81524387,0.006703
105.145247847,0.001385
105.301266647,0.0014
105.691277501,0.007005
106.01837679,0.001607
106.243221197,0.006748
106.741141931,0.001506
106.888030798,0.001397
107.347236647,0.001538
107.549203947,0.001294
107.881212128,0.001541
108.137293416,0.001471
108.242457016,0.006493
108.68927403,0.007488
108.948323016,0.00131
109.075321518,0.001495
109.466444173,0.001161
109.697274225,0.005704
109.881172051,0.001143
110.261250888,0.001295
110.478135165,0.001283
110.695309887,0.005873
111.158288865,0.001239
111.273203693,0.001184
111.499326905,0.006074
111.967300644,0.00143
112.228405243,0.001535
112.799301841,0.001382
112.994343775,0.001427
113.553181511,0.006423
113.79635231,0.001221
113.997224655,0.006367
