1.238787492,0.0
2.392676578,0.0
3.477647508,0.0
4.510786623,0.0
5.888455252,0.0
7.615544422,0.0
8.697509495,0.0
10.781664793,0.0
11.934683284,0.0
13.070732057,0.0
14.101860218,0.0
15.374713452,0.0
16.38898708,0.0
18.030602863,0.0
19.447715658,0.0
20.606670039,0.0
22.082767039,0.0
23.216805507,0.0
24.270789618,0.0
25.572846987,0.0
26.616699853,0.0
27.903015537,0.0
29.014737466,0.0
30.046096573,0.0
31.211671233,0.0
32.456725339,0.0
33.540644005,0.0
34.647892302,0.0
35.797880773,0.0
36.854774091,0.0
37.962965509,0.0
39.038925921,0.0
40.152844613,0.0
41.170720351,0.0
42.192856523,0.0
43.26596955,0.0
44.381816041,0.0
45.530921561,0.0
46.640141978,0.0
47.788096136,0.0
48.800839753,0.0
49.89292747,0.0
50.965974092,0.0
52.006989971,0.0
53.028956371,0.0
54.103026379,0.0
55.178298647,0.0
56.262310291,0.0
57.274308928,0.0
58.3911071,0.0
60.054361727,0.0
61.14110748,0.0
62.250361299,0.0
63.38300183,0.0
65.298360263,0.0
66.361137198,0.0
67.411166637,0.0
68.629057476,0.0
69.83122343,0.0
70.897216314,0.0
71.912397811,0.0
72.99123441,0.0
74.038389549,0.0
75.082430184,0.0
76.149139082,0.0
77.150460378,0.0
78.306234231,0.0
79.453301464,0.0
80.578291325,0.0
81.630511644,0.0
83.031202512,0.0
84.047507947,0.0
85.102252405,0.0
86.217434584,0.0
87.232425431,0.0
88.483209687,0.0
89.555486475,0.0
90.692289906,0.0
92.479516796,0.0
93.704303448,0.0
95.342389488,0.0
96.371583327,0.0
97.480401108,0.0
98.882544418,0.0
99.889451219,0.0
100.958456156,0.0
102.137474641,0.0
103.277603966,0.0
104.38751269,0.0
106.121642797,0.0
107.346453657,0.0
108.688520892,0.0
109.696503911,0.0
111.997630108,0.0
113.552459089,0.0
114.576533448,0.0
115.591258131,0.0
116.857480479,0.0
118.205680928,0.0
119.306545707,0.0
120.649654548,0.0
121.9886337,0.0
123.076692862,0.0
124.725506757,0.0
126.050533924,0.0
127.475465904,0.0
128.498595929,0.0
130.171754754,0.0
131.261791784,0.0
132.284634683,0.0
133.323587152,0.0
