1.238787492,0.094
2.392676578,0.075
3.477647508,0.093
4.510786623,0.086
5.888455252,0.072
7.615544422,0.059
8.697509495,0.174
10.781664793,0.049
11.934683284,0.201
13.070732057,0.09
14.101860218,0.097
15.374713452,0.125
16.38898708,0.101
18.030602863,0.116
19.447715658,0.08
20.606670039,0.076
22.082767039,0.1
23.216805507,0.077
24.270789618,0.064
25.572846987,0.071
26.616699853,0.077
27.903015537,0.057
29.014737466,0.052
30.046096573,0.08
31.211671233,0.08
32.456725339,0.068
33.540644005,0.081
34.647892302,0.105
35.797880773,0.08
36.854774091,0.064
37.962965509,0.078
39.038925921,0.108
40.152844613,0.117
41.170720351,0.085
42.192856523,0.071
43.26596955,0.082
44.381816041,0.077
45.530921561,0.075
46.640141978,0.079
47.788096136,0.101
48.800839753,0.1
49.89292747,0.106
50.965974092,0.121
52.006989971,0.14
53.028956371,0.141
54.103026379,0.136
55.178298647,0.12
56.262310291,0.134
57.274308928,0.128
58.3911071,0.13
60.054361727,0.061
61.14110748,0.267
62.250361299,0.157
63.38300183,0.167
65.298360263,0.113
66.361137198,0.326
67.411166637,0.18
68.629057476,0.166
69.83122343,0.157
70.897216314,0.19
71.912397811,0.215
72.99123441,0.174
74.038389549,0.221
75.082430184,0.123
76.149139082,0.274
77.150460378,0.187
78.306234231,0.213
79.453301464,0.039
80.578291325,0.081
81.630511644,0.421
83.031202512,0.076
84.047507947,0.223
85.102252405,0.151
86.217434584,0.143
87.232425431,0.13
88.483209687,0.055
89.555486475,0.204
90.692289906,0.115
92.479516796,0.085
93.704303448,0.124
95.342389488,0.079
96.371583327,0.056
97.480401108,0.052
98.882544418,0.062
99.889451219,0.046
100.958456156,0.053
102.137474641,0.063
103.277603966,0.047
104.38751269,0.055
106.121642797,0.027
107.346453657,0.067
108.688520892,0.054
109.696503911,0.058
111.997630108,0.032
113.552459089,0.065
114.576533448,0.057
115.591258131,0.057
116.857480479,0.046
118.205680928,0.052
119.306545707,0.042
120.649654548,0.053
121.9886337,0.065
123.076692862,0.053
124.725506757,0.034
126.050533924,0.077
127.475465904,0.061
128.498595929,0.071
130.171754754,0.027
131.261791784,0.079
132.284634683,0.071
133.323587152,0.069
