1.23877533,0.0
2.392609298,0.0
3.477623127,0.0
4.510727914,0.0
5.888447477,0.0
6.902502716,0.0
8.225537377,0.0
9.314557945,0.0
10.447759232,0.0
11.51380794,0.0
12.708560041,0.0
13.872634087,0.0
14.87867036,0.0
16.142617003,0.0
17.228495462,0.0
18.268751363,0.0
19.447616247,0.0
20.60661236,0.0
21.82403213,0.0
22.915641358,0.0
24.028579267,0.0
25.123658803,0.0
26.314737749,0.0
27.345766191,0.0
28.425835282,0.0
29.568096204,0.0
30.644556868,0.0
31.727713355,0.0
32.831814549,0.0
33.939608092,0.0
34.973858854,0.0
36.161704673,0.0
37.290803349,0.0
38.372756236,0.0
39.399992322,0.0
40.528784202,0.0
41.679899051,0.0
42.728670893,0.0
43.876733288,0.0
44.912885248,0.0
45.928067614,0.0
47.042094487,0.0
48.098930289,0.0
49.146857406,0.0
50.176102318,0.0
51.200769753,0.0
52.210968068,0.0
53.291029285,0.0
54.334971665,0.0
55.352206912,0.0
56.419100177,0.0
57.55704398,0.0
58.563040651,0.0
59.704226415,0.0
60.919004233,0.0
61.984393094,0.0
63.054288559,0.0
64.07022819,0.0
65.102319405,0.0
66.255117314,0.0
67.328226176,0.0
68.356370594,0.0
69.483161329,0.0
70.682992955,0.0
71.892370029,0.0
72.9912231,0.0
74.038295265,0.0
75.083095912,0.0
76.14913405,0.0
77.150421323,0.0
78.306175119,0.0
79.451379988,0.0
80.5103934,0.0
81.535068351,0.0
82.537231007,0.0
83.550275491,0.0
84.602530657,0.0
85.665507572,0.0
86.681275668,0.0
87.790447933,0.0
88.859276817,0.0
89.921340437,0.0
90.921472993,0.0
92.158344691,0.0
93.184299946,0.0
94.210495186,0.0
95.239473297,0.0
96.371519016,0.0
97.480395998,0.0
98.502410314,0.0
99.506473841,0.0
100.676442475,0.0
101.740366713,0.0
102.78834531,0.0
104.259578588,0.0
105.300478585,0.0
106.740353869,0.0
107.880424066,0.0
108.947534954,0.0
110.260462826,0.0
111.272415631,0.0
112.798513779,0.0
113.996436593,0.0
115.233378337,0.0
116.262488321,0.0
117.62160964,0.0
118.922587713,0.0
120.069660233,0.0
121.408532511,0.0
122.4166488,0.0
123.887325579,0.0
124.935463109,0.0
126.050529508,0.0
127.475433625,0.0
128.498587499,0.0
129.759681676,0.0
130.954518461,0.0
132.021806824,0.0
133.030737272,0.0
