1.238768377,0.0
2.392603599,0.0
3.47761685,0.0
4.510722149,0.0
5.888446106,0.0
6.902501378,0.0
8.225536034,0.0
9.314551777,0.0
10.447757843,0.0
11.513800931,0.0
12.708558764,0.0
13.872632718,0.0
14.878664862,0.0
16.142609344,0.0
17.228493833,0.0
18.268750178,0.0
19.447614786,0.0
20.606610774,0.0
21.824024719,0.0
22.915640212,0.0
24.028577923,0.0
25.123657395,0.0
26.314736328,0.0
27.345759424,0.0
28.425828674,0.0
29.56808968,0.0
30.644555662,0.0
31.72771198,0.0
32.831813241,0.0
33.939606868,0.0
34.973851943,0.0
36.161703253,0.0
37.290795714,0.0
38.372754549,0.0
39.399991096,0.0
40.528780836,0.0
41.679897764,0.0
42.728669594,0.0
43.876732153,0.0
44.91288408,0.0
45.92806621,0.0
47.042093036,0.0
48.098929103,0.0
49.146856187,0.0
50.176101039,0.0
51.200768164,0.0
52.210966885,0.0
53.291027779,0.0
54.334970593,0.0
55.35220131,0.0
56.419098733,0.0
57.557042634,0.0
58.563039259,0.0
59.704219201,0.0
60.919002456,0.0
61.984391766,0.0
63.054287216,0.0
64.070226831,0.0
65.102318271,0.0
66.255116179,0.0
67.328224996,0.0
68.356369296,0.0
69.483160105,0.0
70.682991417,0.0
71.892364075,0.0
72.991221693,0.0
74.03828411,0.0
75.083094366,0.0
76.1491327,0.0
77.150420134,0.0
78.306173652,0.0
79.451378235,0.0
80.510387654,0.0
81.535067089,0.0
82.537229872,0.0
83.550269429,0.0
84.602523216,0.0
85.665506326,0.0
86.681274498,0.0
87.790446766,0.0
88.859275363,0.0
89.921333337,0.0
90.921471758,0.0
92.158338992,0.0
93.184298529,0.0
94.210489435,0.0
95.239472007,0.0
96.371511871,0.0
97.48039434,0.0
98.50240423,0.0
99.506466909,0.0
100.676440971,0.0
101.740359543,0.0
102.788344131,0.0
104.25957143,0.0
105.300477185,0.0
106.740352363,0.0
107.880422525,0.0
108.947533644,0.0
110.260461531,0.0
111.272414447,0.0
112.798512397,0.0
113.996430226,0.0
115.233371097,0.0
116.262487144,0.0
117.621602563,0.0
118.922580942,0.0
120.069659079,0.0
121.408530988,0.0
122.416642557,0.0
123.887323815,0.0
124.935461699,0.0
126.050528288,0.0
127.475426844,0.0
128.498586144,0.0
129.759680216,0.0
130.954516614,0.0
132.021805383,0.0
133.03073589,0.0
