1.238768377,0.094
2.392603599,0.075
3.47761685,0.093
4.510722149,0.085
5.888446106,0.073
6.902501378,0.152
8.225536034,0.059
9.314551777,0.093
10.447757843,0.127
11.513800931,0.082
12.708558764,0.109
13.872632718,0.1
14.878664862,0.129
16.142609344,0.103
17.228493833,0.107
18.268750178,0.124
19.447614786,0.062
20.606610774,0.076
21.824024719,0.095
22.915640212,0.079
24.028577923,0.078
25.123657395,0.094
26.314736328,0.06
27.345759424,0.056
28.425828674,0.054
29.56808968,0.064
30.644555662,0.08
31.72771198,0.081
32.831813241,0.066
33.939606868,0.091
34.973851943,0.098
36.161703253,0.073
37.290795714,0.064
38.372754549,0.093
39.399991096,0.113
40.528780836,0.116
41.679897764,0.075
42.728669594,0.069
43.876732153,0.088
44.91288408,0.07
45.92806621,0.072
47.042093036,0.091
48.098929103,0.096
49.146856187,0.111
50.176101039,0.1
51.200768164,0.126
52.210966885,0.143
53.291027779,0.135
54.334970593,0.138
55.35220131,0.129
56.419098733,0.123
57.557042634,0.127
58.563039259,0.158
59.704219201,0.172
60.919002456,0.077
61.984391766,0.177
63.054287216,0.175
64.070226831,0.2
65.102318271,0.182
66.255116179,0.164
67.328224996,0.162
68.356369296,0.197
69.483160105,0.167
70.682991417,0.157
71.892364075,0.215
72.991221693,0.184
74.03828411,0.221
75.083094366,0.25
76.1491327,0.149
77.150420134,0.187
78.306173652,0.213
79.451378235,0.202
80.510387654,0.15
81.535067089,0.17
82.537229872,0.165
83.550269429,0.094
84.602523216,0.164
85.665506326,0.136
86.681274498,0.129
87.790446766,0.157
88.859275363,0.108
89.921333337,0.123
90.921471758,0.129
92.158338992,0.094
93.184298529,0.113
94.210489435,0.071
95.239472007,0.071
96.371511871,0.063
97.48039434,0.052
98.50240423,0.057
99.506466909,0.058
100.676440971,0.05
101.740359543,0.054
102.788344131,0.069
104.25957143,0.039
105.300477185,0.056
106.740352363,0.04
107.880422525,0.051
108.947533644,0.054
110.260461531,0.054
111.272414447,0.057
112.798512397,0.038
113.996430226,0.048
115.233371097,0.047
116.262487144,0.071
117.621602563,0.043
118.922580942,0.045
120.069659079,0.051
121.408530988,0.055
122.416642557,0.07
123.887323815,0.05
124.935461699,0.054
126.050528288,0.052
127.475426844,0.061
128.498586144,0.071
129.759680216,0.058
130.954516614,0.036
132.021805383,0.054
133.03073589,0.087
