1.238752429,0.0
2.392590903,0.0
3.477602736,0.0
4.510710499,0.0
5.888442101,0.0
6.902498112,0.0
8.22553278,0.0
9.314538809,0.0
10.447753686,0.0
11.513779993,0.0
12.708554709,0.0
13.872628779,0.0
14.87865298,0.0
16.142590309,0.0
17.228486681,0.0
18.268747129,0.0
19.447610424,0.0
20.606605851,0.0
21.82400652,0.0
22.915636845,0.0
24.028573356,0.0
25.123653962,0.0
26.314724071,0.0
27.345744223,0.0
28.425814773,0.0
29.568073821,0.0
30.644552608,0.0
31.727708381,0.0
32.831809046,0.0
33.939603647,0.0
34.973837451,0.0
36.161698801,0.0
37.290776822,0.0
38.37275058,0.0
39.399987576,0.0
40.528777513,0.0
41.679892292,0.0
42.728664507,0.0
43.876729537,0.0
44.912880609,0.0
45.928062769,0.0
47.042088646,0.0
48.09892546,0.0
49.146853465,0.0
50.176098167,0.0
51.200763586,0.0
52.21096317,0.0
53.29102401,0.0
54.334967123,0.0
55.352189753,0.0
56.419094877,0.0
57.557039094,0.0
58.563035961,0.0
59.704201978,0.0
60.918998292,0.0
61.984388243,0.0
63.054283129,0.0
64.070222897,0.0
65.102314894,0.0
66.255112295,0.0
67.328221851,0.0
68.356366211,0.0
69.483156721,0.0
70.682987278,0.0
71.892350928,0.0
72.991217849,0.0
74.038271683,0.0
75.083090752,0.0
76.149128549,0.0
77.150417436,0.0
78.3061698,0.0
79.45137478,0.0
80.510375003,0.0
81.535063859,0.0
82.537226934,0.0
83.550255778,0.0
84.602506533,0.0
85.665503626,0.0
86.681271548,0.0
87.790443913,0.0
88.85927187,0.0
89.921316645,0.0
90.92146817,0.0
92.158320077,0.0
93.184295412,0.0
94.210475468,0.0
95.239468175,0.0
96.371494128,0.0
97.480387211,0.0
98.502390119,0.0
99.506451537,0.0
100.676436528,0.0
101.740342027,0.0
102.788340902,0.0
104.259555046,0.0
105.300473599,0.0
106.740348159,0.0
107.880417867,0.0
108.94752953,0.0
110.260457307,0.0
111.272411357,0.0
112.798508365,0.0
113.99641663,0.0
115.233354127,0.0
116.262484169,0.0
117.62158612,0.0
118.922564101,0.0
120.069655817,0.0
121.408527548,0.0
122.416627932,0.0
123.88731822,0.0
124.935457502,0.0
126.050523818,0.0
127.475410912,0.0
128.498582474,0.0
129.759674512,0.0
130.954513151,0.0
132.021801301,0.0
133.030731759,0.0
